#--- Sun direction: 270 40.835 (1.38984e-16 0.756596 -0.653883)
7 2 1 100000 0
76695.9 0
65022.6 39.3804
0.976535 4.63063e-06
2.24771 1.2977
2381.98 39.3485
7489.4 0.135039
0 0
target_e 10 100   0 0   0 0   0 0   0 0   0 0   0 0   0 0   0 0   0 0   0 0   0 0   65022.6 39.3804   72247.3 43.756   65022.6 39.3804   7224.73 4.3756   0 0   65022.6 39.3804   72247.3 43.756   65022.6 39.3804   7224.73 4.3756   0 0   0.847797 0.000513462
virtual_target_e 2 40000   0 0   0 0   0 0   0 0   0 0   0 0   0 0   0 0   0 0   0 0   0 0   -1 -1   -1 -1   -1 -1   -1 -1   -1 -1   -1 -1   -1 -1   -1 -1   -1 -1   -1 -1   -1 -1
H_0.hst_0.pivot.reflect_surface 18 100.004 100000   0.976535 4.63063e-06   2.24771 1.2977
10 18   0 0   0 0   0 0   0 0   0 0   0 0   0 0   0 0   0 0   0 0   65022.6 39.3804   72247.3 43.756   65022.6 39.3804   7224.73 4.3756   0 0   65022.6 39.3804   72247.3 43.756   65022.6 39.3804   7224.73 4.3756   0 0
2 18   0 0   0 0   0 0   0 0   0 0   0 0   0 0   0 0   0 0   0 0   -1 -1   -1 -1   -1 -1   -1 -1   -1 -1   -1 -1   -1 -1   -1 -1   -1 -1   -1 -1
# vtk DataFile Version 2.0
target_e
ASCII
DATASET POLYDATA
POINTS 121 float
-4.000000 -0.000000 196.000000
-5.000000 -0.000000 195.000000
-4.000000 -0.000000 195.000000
-5.000000 -0.000000 196.000000
-4.000000 -0.000000 197.000000
-5.000000 -0.000000 197.000000
-4.000000 -0.000000 198.000000
-5.000000 -0.000000 198.000000
-4.000000 -0.000000 199.000000
-5.000000 -0.000000 199.000000
-4.000000 0.000000 200.000000
-5.000000 0.000000 200.000000
-4.000000 0.000000 201.000000
-5.000000 0.000000 201.000000
-4.000000 0.000000 202.000000
-5.000000 0.000000 202.000000
-4.000000 0.000000 203.000000
-5.000000 0.000000 203.000000
-4.000000 0.000000 204.000000
-5.000000 0.000000 204.000000
-4.000000 0.000000 205.000000
-5.000000 0.000000 205.000000
-3.000000 -0.000000 196.000000
-3.000000 -0.000000 195.000000
-3.000000 -0.000000 197.000000
-3.000000 -0.000000 198.000000
-3.000000 -0.000000 199.000000
-3.000000 0.000000 200.000000
-3.000000 0.000000 201.000000
-3.000000 0.000000 202.000000
-3.000000 0.000000 203.000000
-3.000000 0.000000 204.000000
-3.000000 0.000000 205.000000
-2.000000 -0.000000 196.000000
-2.000000 -0.000000 195.000000
-2.000000 -0.000000 197.000000
-2.000000 -0.000000 198.000000
-2.000000 -0.000000 199.000000
-2.000000 0.000000 200.000000
-2.000000 0.000000 201.000000
-2.000000 0.000000 202.000000
-2.000000 0.000000 203.000000
-2.000000 0.000000 204.000000
-2.000000 0.000000 205.000000
-1.000000 -0.000000 196.000000
-1.000000 -0.000000 195.000000
-1.000000 -0.000000 197.000000
-1.000000 -0.000000 198.000000
-1.000000 -0.000000 199.000000
-1.000000 0.000000 200.000000
-1.000000 0.000000 201.000000
-1.000000 0.000000 202.000000
-1.000000 0.000000 203.000000
-1.000000 0.000000 204.000000
-1.000000 0.000000 205.000000
0.000000 -0.000000 196.000000
0.000000 -0.000000 195.000000
0.000000 -0.000000 197.000000
0.000000 -0.000000 198.000000
0.000000 -0.000000 199.000000
0.000000 0.000000 200.000000
0.000000 0.000000 201.000000
0.000000 0.000000 202.000000
0.000000 0.000000 203.000000
0.000000 0.000000 204.000000
0.000000 0.000000 205.000000
1.000000 -0.000000 196.000000
1.000000 -0.000000 195.000000
1.000000 -0.000000 197.000000
1.000000 -0.000000 198.000000
1.000000 -0.000000 199.000000
1.000000 0.000000 200.000000
1.000000 0.000000 201.000000
1.000000 0.000000 202.000000
1.000000 0.000000 203.000000
1.000000 0.000000 204.000000
1.000000 0.000000 205.000000
2.000000 -0.000000 196.000000
2.000000 -0.000000 195.000000
2.000000 -0.000000 197.000000
2.000000 -0.000000 198.000000
2.000000 -0.000000 199.000000
2.000000 0.000000 200.000000
2.000000 0.000000 201.000000
2.000000 0.000000 202.000000
2.000000 0.000000 203.000000
2.000000 0.000000 204.000000
2.000000 0.000000 205.000000
3.000000 -0.000000 196.000000
3.000000 -0.000000 195.000000
3.000000 -0.000000 197.000000
3.000000 -0.000000 198.000000
3.000000 -0.000000 199.000000
3.000000 0.000000 200.000000
3.000000 0.000000 201.000000
3.000000 0.000000 202.000000
3.000000 0.000000 203.000000
3.000000 0.000000 204.000000
3.000000 0.000000 205.000000
4.000000 -0.000000 196.000000
4.000000 -0.000000 195.000000
4.000000 -0.000000 197.000000
4.000000 -0.000000 198.000000
4.000000 -0.000000 199.000000
4.000000 0.000000 200.000000
4.000000 0.000000 201.000000
4.000000 0.000000 202.000000
4.000000 0.000000 203.000000
4.000000 0.000000 204.000000
4.000000 0.000000 205.000000
5.000000 -0.000000 196.000000
5.000000 -0.000000 195.000000
5.000000 -0.000000 197.000000
5.000000 -0.000000 198.000000
5.000000 -0.000000 199.000000
5.000000 0.000000 200.000000
5.000000 0.000000 201.000000
5.000000 0.000000 202.000000
5.000000 0.000000 203.000000
5.000000 0.000000 204.000000
5.000000 0.000000 205.000000
POLYGONS 200 800
3 0 1 2
3 0 3 1
3 4 3 0
3 4 5 3
3 6 5 4
3 6 7 5
3 8 7 6
3 8 9 7
3 10 9 8
3 10 11 9
3 12 11 10
3 12 13 11
3 14 13 12
3 14 15 13
3 16 15 14
3 16 17 15
3 18 17 16
3 18 19 17
3 20 19 18
3 20 21 19
3 22 2 23
3 22 0 2
3 24 0 22
3 24 4 0
3 25 4 24
3 25 6 4
3 26 6 25
3 26 8 6
3 27 8 26
3 27 10 8
3 28 10 27
3 28 12 10
3 29 12 28
3 29 14 12
3 30 14 29
3 30 16 14
3 31 16 30
3 31 18 16
3 32 18 31
3 32 20 18
3 33 23 34
3 33 22 23
3 35 22 33
3 35 24 22
3 36 24 35
3 36 25 24
3 37 25 36
3 37 26 25
3 38 26 37
3 38 27 26
3 39 27 38
3 39 28 27
3 40 28 39
3 40 29 28
3 41 29 40
3 41 30 29
3 42 30 41
3 42 31 30
3 43 31 42
3 43 32 31
3 44 34 45
3 44 33 34
3 46 33 44
3 46 35 33
3 47 35 46
3 47 36 35
3 48 36 47
3 48 37 36
3 49 37 48
3 49 38 37
3 50 38 49
3 50 39 38
3 51 39 50
3 51 40 39
3 52 40 51
3 52 41 40
3 53 41 52
3 53 42 41
3 54 42 53
3 54 43 42
3 55 45 56
3 55 44 45
3 57 44 55
3 57 46 44
3 58 46 57
3 58 47 46
3 59 47 58
3 59 48 47
3 60 48 59
3 60 49 48
3 61 49 60
3 61 50 49
3 62 50 61
3 62 51 50
3 63 51 62
3 63 52 51
3 64 52 63
3 64 53 52
3 65 53 64
3 65 54 53
3 66 56 67
3 66 55 56
3 68 55 66
3 68 57 55
3 69 57 68
3 69 58 57
3 70 58 69
3 70 59 58
3 71 59 70
3 71 60 59
3 72 60 71
3 72 61 60
3 73 61 72
3 73 62 61
3 74 62 73
3 74 63 62
3 75 63 74
3 75 64 63
3 76 64 75
3 76 65 64
3 77 67 78
3 77 66 67
3 79 66 77
3 79 68 66
3 80 68 79
3 80 69 68
3 81 69 80
3 81 70 69
3 82 70 81
3 82 71 70
3 83 71 82
3 83 72 71
3 84 72 83
3 84 73 72
3 85 73 84
3 85 74 73
3 86 74 85
3 86 75 74
3 87 75 86
3 87 76 75
3 88 78 89
3 88 77 78
3 90 77 88
3 90 79 77
3 91 79 90
3 91 80 79
3 92 80 91
3 92 81 80
3 93 81 92
3 93 82 81
3 94 82 93
3 94 83 82
3 95 83 94
3 95 84 83
3 96 84 95
3 96 85 84
3 97 85 96
3 97 86 85
3 98 86 97
3 98 87 86
3 99 89 100
3 99 88 89
3 101 88 99
3 101 90 88
3 102 90 101
3 102 91 90
3 103 91 102
3 103 92 91
3 104 92 103
3 104 93 92
3 105 93 104
3 105 94 93
3 106 94 105
3 106 95 94
3 107 95 106
3 107 96 95
3 108 96 107
3 108 97 96
3 109 97 108
3 109 98 97
3 110 100 111
3 110 99 100
3 112 99 110
3 112 101 99
3 113 101 112
3 113 102 101
3 114 102 113
3 114 103 102
3 115 103 114
3 115 104 103
3 116 104 115
3 116 105 104
3 117 105 116
3 117 106 105
3 118 106 117
3 118 107 106
3 119 107 118
3 119 108 107
3 120 108 119
3 120 109 108
CELL_DATA 200
SCALARS Front_faces_Incoming_flux double 2
LOOKUP_TABLE default
0 0
0 0
0 0
0 0
0 0
0 0
0 0
0 0
0 0
0 0
0 0
0 0
0 0
0 0
0 0
0 0
0 0
0 0
0 0
0 0
0 0
0 0
0 0
0 0
0 0
0 0
0 0
0 0
0 0
0 0
0 0
0 0
0 0
0 0
0 0
0 0
0 0
0 0
0 0
0 0
0 0
0 0
0 0
0 0
0 0
0 0
0 0
0 0
0 0
0 0
0 0
0 0
0 0
0 0
0 0
0 0
0 0
0 0
0 0
0 0
0 0
0 0
0 0
0 0
0 0
0 0
0 0
0 0
0 0
0 0
0 0
0 0
0 0
0 0
0 0
0 0
0 0
0 0
0 0
0 0
0 0
0 0
0 0
0 0
0 0
0 0
0 0
0 0
0 0
0 0
0 0
0 0
0 0
0 0
0 0
0 0
0 0
0 0
0 0
0 0
0 0
0 0
0 0
0 0
0 0
0 0
0 0
0 0
0 0
0 0
0 0
0 0
0 0
0 0
0 0
0 0
0 0
0 0
0 0
0 0
0 0
0 0
0 0
0 0
0 0
0 0
0 0
0 0
0 0
0 0
0 0
0 0
0 0
0 0
0 0
0 0
0 0
0 0
0 0
0 0
0 0
0 0
0 0
0 0
0 0
0 0
0 0
0 0
0 0
0 0
0 0
0 0
0 0
0 0
0 0
0 0
0 0
0 0
0 0
0 0
0 0
0 0
0 0
0 0
0 0
0 0
0 0
0 0
0 0
0 0
0 0
0 0
0 0
0 0
0 0
0 0
0 0
0 0
0 0
0 0
0 0
0 0
0 0
0 0
0 0
0 0
0 0
0 0
0 0
0 0
0 0
0 0
0 0
0 0
0 0
0 0
0 0
0 0
0 0
0 0
SCALARS Front_faces_Absorbed_flux double 2
LOOKUP_TABLE default
0 0
0 0
0 0
0 0
0 0
0 0
0 0
0 0
0 0
0 0
0 0
0 0
0 0
0 0
0 0
0 0
0 0
0 0
0 0
0 0
0 0
0 0
0 0
0 0
0 0
0 0
0 0
0 0
0 0
0 0
0 0
0 0
0 0
0 0
0 0
0 0
0 0
0 0
0 0
0 0
0 0
0 0
0 0
0 0
0 0
0 0
0 0
0 0
0 0
0 0
0 0
0 0
0 0
0 0
0 0
0 0
0 0
0 0
0 0
0 0
0 0
0 0
0 0
0 0
0 0
0 0
0 0
0 0
0 0
0 0
0 0
0 0
0 0
0 0
0 0
0 0
0 0
0 0
0 0
0 0
0 0
0 0
0 0
0 0
0 0
0 0
0 0
0 0
0 0
0 0
0 0
0 0
0 0
0 0
0 0
0 0
0 0
0 0
0 0
0 0
0 0
0 0
0 0
0 0
0 0
0 0
0 0
0 0
0 0
0 0
0 0
0 0
0 0
0 0
0 0
0 0
0 0
0 0
0 0
0 0
0 0
0 0
0 0
0 0
0 0
0 0
0 0
0 0
0 0
0 0
0 0
0 0
0 0
0 0
0 0
0 0
0 0
0 0
0 0
0 0
0 0
0 0
0 0
0 0
0 0
0 0
0 0
0 0
0 0
0 0
0 0
0 0
0 0
0 0
0 0
0 0
0 0
0 0
0 0
0 0
0 0
0 0
0 0
0 0
0 0
0 0
0 0
0 0
0 0
0 0
0 0
0 0
0 0
0 0
0 0
0 0
0 0
0 0
0 0
0 0
0 0
0 0
0 0
0 0
0 0
0 0
0 0
0 0
0 0
0 0
0 0
0 0
0 0
0 0
0 0
0 0
0 0
0 0
0 0
0 0
SCALARS Back_faces_Incoming_flux double 2
LOOKUP_TABLE default
0 0
0 0
0 0
0 0
0 0
0 0
0 0
0 0
0 0
0 0
0 0
0 0
0 0
0 0
0 0
0 0
0 0
0 0
0 0
0 0
0 0
1.34933 1.34933
2.69584 1.90623
0 0
5.39324 2.69657
0 0
10.7882 3.81404
1.34837 1.34836
18.8685 5.04247
5.39726 2.69858
13.4755 4.26111
6.73747 3.01302
21.5632 5.39038
1.3505 1.35049
14.8307 4.47138
2.69296 1.90419
10.7873 3.81373
2.69608 1.9064
5.39052 2.69521
0 0
12.144 4.04782
20.2201 5.22043
59.3347 8.94308
39.107 7.26095
124.1 12.9324
70.1068 9.71954
200.933 16.4488
115.96 12.4989
254.871 18.5216
111.914 12.2791
281.73 19.4673
101.092 11.6687
241.253 18.016
109.164 12.1244
246.587 18.2115
79.4944 10.3462
146.85 14.058
55.2269 8.62324
86.2193 10.774
24.244 5.71385
214.431 16.992
178.033 15.4856
470.745 25.1544
361.451 22.0496
885.992 34.4521
604.196 28.4816
1352.45 42.4896
972.21 36.0763
1706.92 47.6685
1124.42 38.7729
1780.74 48.6701
1108.01 38.4871
1638.89 46.7118
889.495 34.5091
1248 40.8217
661.656 29.7867
836.751 33.4733
440.53 24.3215
424.352 23.8718
223.588 17.3394
601.73 28.4292
647.496 29.4831
1375.68 42.8541
1313.71 41.8885
2312.88 55.3687
2120.01 53.0482
3177.08 64.6791
3050.27 63.4051
3919.64 71.6338
3427.26 67.107
4054.95 72.814
3324.2 66.1104
3597.35 68.6965
2842.55 61.241
2557.91 58.1536
2080.67 52.5413
1643.73 46.772
1205.75 40.1231
925.515 35.1891
650.531 29.5287
605.621 28.5168
785.084 32.448
1189.72 39.883
1635.9 46.685
2090.33 52.6814
2760.83 60.3935
2987.09 62.7621
3756.98 70.1799
3461.16 67.4315
4225.5 74.2873
3559.23 68.351
3862.31 71.117
2979.01 62.6648
3136.35 64.2561
2276.21 54.916
2263.95 54.7688
1302.99 41.6981
1286.83 41.4415
738.301 31.4522
670.794 29.9841
173.969 15.3072
442.428 24.389
341.227 21.4256
779.54 32.3308
681.124 30.233
1325.76 42.077
904.885 34.8153
1711.34 47.7346
1134 38.9387
1907.84 50.3581
1131.19 38.8888
1759.33 48.3827
907.229 34.8533
1408.46 43.3417
624.028 28.9338
967.561 35.9793
354.417 21.8255
538.985 26.8953
169.769 15.1147
243.829 18.1073
18.9023 5.05151
66.1129 9.44239
44.5118 7.74723
124.067 12.9289
80.9011 10.4412
175.331 15.3675
94.403 11.2794
287.154 19.6545
129.459 13.2065
296.685 19.9805
128.018 13.1281
291.188 19.7915
99.785 11.5955
184.681 15.7675
63.3496 9.23832
149.619 14.1933
40.4103 7.37678
76.7862 10.1677
25.5992 5.8723
28.3024 6.17545
2.6973 1.90726
1.34869 1.34869
0 0
8.09398 3.30426
9.44662 3.57036
10.7925 3.81556
4.05171 2.33922
17.5309 4.86189
1.34708 1.34707
8.08264 3.29963
0 0
16.1856 4.6721
1.34691 1.34691
8.09641 3.30525
1.34868 1.34867
6.74181 3.01496
1.34977 1.34976
0 0
0 0
2.695 1.90564
0 0
0 0
0 0
0 0
0 0
0 0
0 0
0 0
0 0
0 0
0 0
0 0
0 0
0 0
0 0
0 0
0 0
0 0
0 0
0 0
SCALARS Back_faces_Absorbed_flux double 2
LOOKUP_TABLE default
0 0
0 0
0 0
0 0
0 0
0 0
0 0
0 0
0 0
0 0
0 0
0 0
0 0
0 0
0 0
0 0
0 0
0 0
0 0
0 0
0 0
1.34933 1.34933
2.69584 1.90623
0 0
5.39324 2.69657
0 0
10.7882 3.81404
1.34837 1.34836
18.8685 5.04247
5.39726 2.69858
13.4755 4.26111
6.73747 3.01302
21.5632 5.39038
1.3505 1.35049
14.8307 4.47138
2.69296 1.90419
10.7873 3.81373
2.69608 1.9064
5.39052 2.69521
0 0
12.144 4.04782
20.2201 5.22043
59.3347 8.94308
39.107 7.26095
124.1 12.9324
70.1068 9.71954
200.933 16.4488
115.96 12.4989
254.871 18.5216
111.914 12.2791
281.73 19.4673
101.092 11.6687
241.253 18.016
109.164 12.1244
246.587 18.2115
79.4944 10.3462
146.85 14.058
55.2269 8.62324
86.2193 10.774
24.244 5.71385
214.431 16.992
178.033 15.4856
470.745 25.1544
361.451 22.0496
885.992 34.4521
604.196 28.4816
1352.45 42.4896
972.21 36.0763
1706.92 47.6685
1124.42 38.7729
1780.74 48.6701
1108.01 38.4871
1638.89 46.7118
889.495 34.5091
1248 40.8217
661.656 29.7867
836.751 33.4733
440.53 24.3215
424.352 23.8718
223.588 17.3394
601.73 28.4292
647.496 29.4831
1375.68 42.8541
1313.71 41.8885
2312.88 55.3687
2120.01 53.0482
3177.08 64.6791
3050.27 63.4051
3919.64 71.6338
3427.26 67.107
4054.95 72.814
3324.2 66.1104
3597.35 68.6965
2842.55 61.241
2557.91 58.1536
2080.67 52.5413
1643.73 46.772
1205.75 40.1231
925.515 35.1891
650.531 29.5287
605.621 28.5168
785.084 32.448
1189.72 39.883
1635.9 46.685
2090.33 52.6814
2760.83 60.3935
2987.09 62.7621
3756.98 70.1799
3461.16 67.4315
4225.5 74.2873
3559.23 68.351
3862.31 71.117
2979.01 62.6648
3136.35 64.2561
2276.21 54.916
2263.95 54.7688
1302.99 41.6981
1286.83 41.4415
738.301 31.4522
670.794 29.9841
173.969 15.3072
442.428 24.389
341.227 21.4256
779.54 32.3308
681.124 30.233
1325.76 42.077
904.885 34.8153
1711.34 47.7346
1134 38.9387
1907.84 50.3581
1131.19 38.8888
1759.33 48.3827
907.229 34.8533
1408.46 43.3417
624.028 28.9338
967.561 35.9793
354.417 21.8255
538.985 26.8953
169.769 15.1147
243.829 18.1073
18.9023 5.05151
66.1129 9.44239
44.5118 7.74723
124.067 12.9289
80.9011 10.4412
175.331 15.3675
94.403 11.2794
287.154 19.6545
129.459 13.2065
296.685 19.9805
128.018 13.1281
291.188 19.7915
99.785 11.5955
184.681 15.7675
63.3496 9.23832
149.619 14.1933
40.4103 7.37678
76.7862 10.1677
25.5992 5.8723
28.3024 6.17545
2.6973 1.90726
1.34869 1.34869
0 0
8.09398 3.30426
9.44662 3.57036
10.7925 3.81556
4.05171 2.33922
17.5309 4.86189
1.34708 1.34707
8.08264 3.29963
0 0
16.1856 4.6721
1.34691 1.34691
8.09641 3.30525
1.34868 1.34867
6.74181 3.01496
1.34977 1.34976
0 0
0 0
2.695 1.90564
0 0
0 0
0 0
0 0
0 0
0 0
0 0
0 0
0 0
0 0
0 0
0 0
0 0
0 0
0 0
0 0
0 0
0 0
0 0
0 0
# vtk DataFile Version 2.0
virtual_target_e
ASCII
DATASET POLYDATA
POINTS 25 float
-50.000000 5.000000 150.000000
-100.000000 5.000000 100.000000
-50.000000 5.000000 100.000000
-100.000000 5.000000 150.000000
-50.000000 5.000000 200.000000
-100.000000 5.000000 200.000000
-50.000000 5.000000 250.000000
-100.000000 5.000000 250.000000
-50.000000 5.000000 300.000000
-100.000000 5.000000 300.000000
0.000000 5.000000 150.000000
0.000000 5.000000 100.000000
0.000000 5.000000 200.000000
0.000000 5.000000 250.000000
0.000000 5.000000 300.000000
50.000000 5.000000 150.000000
50.000000 5.000000 100.000000
50.000000 5.000000 200.000000
50.000000 5.000000 250.000000
50.000000 5.000000 300.000000
100.000000 5.000000 150.000000
100.000000 5.000000 100.000000
100.000000 5.000000 200.000000
100.000000 5.000000 250.000000
100.000000 5.000000 300.000000
POLYGONS 32 128
3 0 1 2
3 0 3 1
3 4 3 0
3 4 5 3
3 6 5 4
3 6 7 5
3 8 7 6
3 8 9 7
3 10 2 11
3 10 0 2
3 12 0 10
3 12 4 0
3 13 4 12
3 13 6 4
3 14 6 13
3 14 8 6
3 15 11 16
3 15 10 11
3 17 10 15
3 17 12 10
3 18 12 17
3 18 13 12
3 19 13 18
3 19 14 13
3 20 16 21
3 20 15 16
3 22 15 20
3 22 17 15
3 23 17 22
3 23 18 17
3 24 18 23
3 24 19 18
CELL_DATA 32
SCALARS Front_faces_Incoming_flux double 2
LOOKUP_TABLE default
0 0
0 0
0 0
0 0
0 0
0 0
0 0
0 0
0 0
0 0
0 0
0 0
0 0
0 0
0 0
0 0
0 0
0 0
0 0
0 0
0 0
0 0
0 0
0 0
0 0
0 0
0 0
0 0
0 0
0 0
0 0
0 0
