#--- Sun direction: 270 52.56 (1.11675e-16 0.60793 -0.79399)
7 2 1 100000 0
82082.7 0
70795.9 42.7942
0.993338 2.4728e-06
2.44653 1.41249
2584.11 42.7691
8153.34 0.142843
0 0
target_e 10 100   0 0   0 0   0 0   0 0   0 0   0 0   0 0   0 0   0 0   0 0   0 0   70795.9 42.7942   78662.2 47.5491   70795.9 42.7942   7866.22 4.75491   0 0   70795.9 42.7942   78662.2 47.5491   70795.9 42.7942   7866.22 4.75491   0 0   0.862495 0.000521355
virtual_target_e 2 40000   0 0   0 0   0 0   0 0   0 0   0 0   0 0   0 0   0 0   0 0   0 0   -1 -1   -1 -1   -1 -1   -1 -1   -1 -1   -1 -1   -1 -1   -1 -1   -1 -1   -1 -1   -1 -1
H_0.hst_0.pivot.reflect_surface 18 100.004 100000   0.993338 2.4728e-06   2.44653 1.41249
10 18   0 0   0 0   0 0   0 0   0 0   0 0   0 0   0 0   0 0   0 0   70795.9 42.7942   78662.2 47.5491   70795.9 42.7942   7866.22 4.75491   0 0   70795.9 42.7942   78662.2 47.5491   70795.9 42.7942   7866.22 4.75491   0 0
2 18   0 0   0 0   0 0   0 0   0 0   0 0   0 0   0 0   0 0   0 0   -1 -1   -1 -1   -1 -1   -1 -1   -1 -1   -1 -1   -1 -1   -1 -1   -1 -1   -1 -1
# vtk DataFile Version 2.0
target_e
ASCII
DATASET POLYDATA
POINTS 121 float
-4.000000 -0.000000 196.000000
-5.000000 -0.000000 195.000000
-4.000000 -0.000000 195.000000
-5.000000 -0.000000 196.000000
-4.000000 -0.000000 197.000000
-5.000000 -0.000000 197.000000
-4.000000 -0.000000 198.000000
-5.000000 -0.000000 198.000000
-4.000000 -0.000000 199.000000
-5.000000 -0.000000 199.000000
-4.000000 0.000000 200.000000
-5.000000 0.000000 200.000000
-4.000000 0.000000 201.000000
-5.000000 0.000000 201.000000
-4.000000 0.000000 202.000000
-5.000000 0.000000 202.000000
-4.000000 0.000000 203.000000
-5.000000 0.000000 203.000000
-4.000000 0.000000 204.000000
-5.000000 0.000000 204.000000
-4.000000 0.000000 205.000000
-5.000000 0.000000 205.000000
-3.000000 -0.000000 196.000000
-3.000000 -0.000000 195.000000
-3.000000 -0.000000 197.000000
-3.000000 -0.000000 198.000000
-3.000000 -0.000000 199.000000
-3.000000 0.000000 200.000000
-3.000000 0.000000 201.000000
-3.000000 0.000000 202.000000
-3.000000 0.000000 203.000000
-3.000000 0.000000 204.000000
-3.000000 0.000000 205.000000
-2.000000 -0.000000 196.000000
-2.000000 -0.000000 195.000000
-2.000000 -0.000000 197.000000
-2.000000 -0.000000 198.000000
-2.000000 -0.000000 199.000000
-2.000000 0.000000 200.000000
-2.000000 0.000000 201.000000
-2.000000 0.000000 202.000000
-2.000000 0.000000 203.000000
-2.000000 0.000000 204.000000
-2.000000 0.000000 205.000000
-1.000000 -0.000000 196.000000
-1.000000 -0.000000 195.000000
-1.000000 -0.000000 197.000000
-1.000000 -0.000000 198.000000
-1.000000 -0.000000 199.000000
-1.000000 0.000000 200.000000
-1.000000 0.000000 201.000000
-1.000000 0.000000 202.000000
-1.000000 0.000000 203.000000
-1.000000 0.000000 204.000000
-1.000000 0.000000 205.000000
0.000000 -0.000000 196.000000
0.000000 -0.000000 195.000000
0.000000 -0.000000 197.000000
0.000000 -0.000000 198.000000
0.000000 -0.000000 199.000000
0.000000 0.000000 200.000000
0.000000 0.000000 201.000000
0.000000 0.000000 202.000000
0.000000 0.000000 203.000000
0.000000 0.000000 204.000000
0.000000 0.000000 205.000000
1.000000 -0.000000 196.000000
1.000000 -0.000000 195.000000
1.000000 -0.000000 197.000000
1.000000 -0.000000 198.000000
1.000000 -0.000000 199.000000
1.000000 0.000000 200.000000
1.000000 0.000000 201.000000
1.000000 0.000000 202.000000
1.000000 0.000000 203.000000
1.000000 0.000000 204.000000
1.000000 0.000000 205.000000
2.000000 -0.000000 196.000000
2.000000 -0.000000 195.000000
2.000000 -0.000000 197.000000
2.000000 -0.000000 198.000000
2.000000 -0.000000 199.000000
2.000000 0.000000 200.000000
2.000000 0.000000 201.000000
2.000000 0.000000 202.000000
2.000000 0.000000 203.000000
2.000000 0.000000 204.000000
2.000000 0.000000 205.000000
3.000000 -0.000000 196.000000
3.000000 -0.000000 195.000000
3.000000 -0.000000 197.000000
3.000000 -0.000000 198.000000
3.000000 -0.000000 199.000000
3.000000 0.000000 200.000000
3.000000 0.000000 201.000000
3.000000 0.000000 202.000000
3.000000 0.000000 203.000000
3.000000 0.000000 204.000000
3.000000 0.000000 205.000000
4.000000 -0.000000 196.000000
4.000000 -0.000000 195.000000
4.000000 -0.000000 197.000000
4.000000 -0.000000 198.000000
4.000000 -0.000000 199.000000
4.000000 0.000000 200.000000
4.000000 0.000000 201.000000
4.000000 0.000000 202.000000
4.000000 0.000000 203.000000
4.000000 0.000000 204.000000
4.000000 0.000000 205.000000
5.000000 -0.000000 196.000000
5.000000 -0.000000 195.000000
5.000000 -0.000000 197.000000
5.000000 -0.000000 198.000000
5.000000 -0.000000 199.000000
5.000000 0.000000 200.000000
5.000000 0.000000 201.000000
5.000000 0.000000 202.000000
5.000000 0.000000 203.000000
5.000000 0.000000 204.000000
5.000000 0.000000 205.000000
POLYGONS 200 800
3 0 1 2
3 0 3 1
3 4 3 0
3 4 5 3
3 6 5 4
3 6 7 5
3 8 7 6
3 8 9 7
3 10 9 8
3 10 11 9
3 12 11 10
3 12 13 11
3 14 13 12
3 14 15 13
3 16 15 14
3 16 17 15
3 18 17 16
3 18 19 17
3 20 19 18
3 20 21 19
3 22 2 23
3 22 0 2
3 24 0 22
3 24 4 0
3 25 4 24
3 25 6 4
3 26 6 25
3 26 8 6
3 27 8 26
3 27 10 8
3 28 10 27
3 28 12 10
3 29 12 28
3 29 14 12
3 30 14 29
3 30 16 14
3 31 16 30
3 31 18 16
3 32 18 31
3 32 20 18
3 33 23 34
3 33 22 23
3 35 22 33
3 35 24 22
3 36 24 35
3 36 25 24
3 37 25 36
3 37 26 25
3 38 26 37
3 38 27 26
3 39 27 38
3 39 28 27
3 40 28 39
3 40 29 28
3 41 29 40
3 41 30 29
3 42 30 41
3 42 31 30
3 43 31 42
3 43 32 31
3 44 34 45
3 44 33 34
3 46 33 44
3 46 35 33
3 47 35 46
3 47 36 35
3 48 36 47
3 48 37 36
3 49 37 48
3 49 38 37
3 50 38 49
3 50 39 38
3 51 39 50
3 51 40 39
3 52 40 51
3 52 41 40
3 53 41 52
3 53 42 41
3 54 42 53
3 54 43 42
3 55 45 56
3 55 44 45
3 57 44 55
3 57 46 44
3 58 46 57
3 58 47 46
3 59 47 58
3 59 48 47
3 60 48 59
3 60 49 48
3 61 49 60
3 61 50 49
3 62 50 61
3 62 51 50
3 63 51 62
3 63 52 51
3 64 52 63
3 64 53 52
3 65 53 64
3 65 54 53
3 66 56 67
3 66 55 56
3 68 55 66
3 68 57 55
3 69 57 68
3 69 58 57
3 70 58 69
3 70 59 58
3 71 59 70
3 71 60 59
3 72 60 71
3 72 61 60
3 73 61 72
3 73 62 61
3 74 62 73
3 74 63 62
3 75 63 74
3 75 64 63
3 76 64 75
3 76 65 64
3 77 67 78
3 77 66 67
3 79 66 77
3 79 68 66
3 80 68 79
3 80 69 68
3 81 69 80
3 81 70 69
3 82 70 81
3 82 71 70
3 83 71 82
3 83 72 71
3 84 72 83
3 84 73 72
3 85 73 84
3 85 74 73
3 86 74 85
3 86 75 74
3 87 75 86
3 87 76 75
3 88 78 89
3 88 77 78
3 90 77 88
3 90 79 77
3 91 79 90
3 91 80 79
3 92 80 91
3 92 81 80
3 93 81 92
3 93 82 81
3 94 82 93
3 94 83 82
3 95 83 94
3 95 84 83
3 96 84 95
3 96 85 84
3 97 85 96
3 97 86 85
3 98 86 97
3 98 87 86
3 99 89 100
3 99 88 89
3 101 88 99
3 101 90 88
3 102 90 101
3 102 91 90
3 103 91 102
3 103 92 91
3 104 92 103
3 104 93 92
3 105 93 104
3 105 94 93
3 106 94 105
3 106 95 94
3 107 95 106
3 107 96 95
3 108 96 107
3 108 97 96
3 109 97 108
3 109 98 97
3 110 100 111
3 110 99 100
3 112 99 110
3 112 101 99
3 113 101 112
3 113 102 101
3 114 102 113
3 114 103 102
3 115 103 114
3 115 104 103
3 116 104 115
3 116 105 104
3 117 105 116
3 117 106 105
3 118 106 117
3 118 107 106
3 119 107 118
3 119 108 107
3 120 108 119
3 120 109 108
CELL_DATA 200
SCALARS Front_faces_Incoming_flux double 2
LOOKUP_TABLE default
0 0
0 0
0 0
0 0
0 0
0 0
0 0
0 0
0 0
0 0
0 0
0 0
0 0
0 0
0 0
0 0
0 0
0 0
0 0
0 0
0 0
0 0
0 0
0 0
0 0
0 0
0 0
0 0
0 0
0 0
0 0
0 0
0 0
0 0
0 0
0 0
0 0
0 0
0 0
0 0
0 0
0 0
0 0
0 0
0 0
0 0
0 0
0 0
0 0
0 0
0 0
0 0
0 0
0 0
0 0
0 0
0 0
0 0
0 0
0 0
0 0
0 0
0 0
0 0
0 0
0 0
0 0
0 0
0 0
0 0
0 0
0 0
0 0
0 0
0 0
0 0
0 0
0 0
0 0
0 0
0 0
0 0
0 0
0 0
0 0
0 0
0 0
0 0
0 0
0 0
0 0
0 0
0 0
0 0
0 0
0 0
0 0
0 0
0 0
0 0
0 0
0 0
0 0
0 0
0 0
0 0
0 0
0 0
0 0
0 0
0 0
0 0
0 0
0 0
0 0
0 0
0 0
0 0
0 0
0 0
0 0
0 0
0 0
0 0
0 0
0 0
0 0
0 0
0 0
0 0
0 0
0 0
0 0
0 0
0 0
0 0
0 0
0 0
0 0
0 0
0 0
0 0
0 0
0 0
0 0
0 0
0 0
0 0
0 0
0 0
0 0
0 0
0 0
0 0
0 0
0 0
0 0
0 0
0 0
0 0
0 0
0 0
0 0
0 0
0 0
0 0
0 0
0 0
0 0
0 0
0 0
0 0
0 0
0 0
0 0
0 0
0 0
0 0
0 0
0 0
0 0
0 0
0 0
0 0
0 0
0 0
0 0
0 0
0 0
0 0
0 0
0 0
0 0
0 0
0 0
0 0
0 0
0 0
0 0
0 0
SCALARS Front_faces_Absorbed_flux double 2
LOOKUP_TABLE default
0 0
0 0
0 0
0 0
0 0
0 0
0 0
0 0
0 0
0 0
0 0
0 0
0 0
0 0
0 0
0 0
0 0
0 0
0 0
0 0
0 0
0 0
0 0
0 0
0 0
0 0
0 0
0 0
0 0
0 0
0 0
0 0
0 0
0 0
0 0
0 0
0 0
0 0
0 0
0 0
0 0
0 0
0 0
0 0
0 0
0 0
0 0
0 0
0 0
0 0
0 0
0 0
0 0
0 0
0 0
0 0
0 0
0 0
0 0
0 0
0 0
0 0
0 0
0 0
0 0
0 0
0 0
0 0
0 0
0 0
0 0
0 0
0 0
0 0
0 0
0 0
0 0
0 0
0 0
0 0
0 0
0 0
0 0
0 0
0 0
0 0
0 0
0 0
0 0
0 0
0 0
0 0
0 0
0 0
0 0
0 0
0 0
0 0
0 0
0 0
0 0
0 0
0 0
0 0
0 0
0 0
0 0
0 0
0 0
0 0
0 0
0 0
0 0
0 0
0 0
0 0
0 0
0 0
0 0
0 0
0 0
0 0
0 0
0 0
0 0
0 0
0 0
0 0
0 0
0 0
0 0
0 0
0 0
0 0
0 0
0 0
0 0
0 0
0 0
0 0
0 0
0 0
0 0
0 0
0 0
0 0
0 0
0 0
0 0
0 0
0 0
0 0
0 0
0 0
0 0
0 0
0 0
0 0
0 0
0 0
0 0
0 0
0 0
0 0
0 0
0 0
0 0
0 0
0 0
0 0
0 0
0 0
0 0
0 0
0 0
0 0
0 0
0 0
0 0
0 0
0 0
0 0
0 0
0 0
0 0
0 0
0 0
0 0
0 0
0 0
0 0
0 0
0 0
0 0
0 0
0 0
0 0
0 0
0 0
0 0
SCALARS Back_faces_Incoming_flux double 2
LOOKUP_TABLE default
0 0
0 0
0 0
0 0
0 0
0 0
0 0
0 0
0 0
0 0
0 0
0 0
0 0
0 0
0 0
0 0
0 0
0 0
0 0
0 0
1.46771 1.4677
1.46833 1.46832
4.40169 2.54128
0 0
4.40066 2.54069
1.46911 1.46911
10.2734 3.88283
4.40065 2.54068
17.6079 5.08267
7.3392 3.28211
10.2705 3.88176
4.39943 2.53998
14.6761 4.64076
7.33419 3.27987
13.21 4.40312
5.87043 2.93516
11.7407 4.15078
7.33991 3.28243
8.8024 3.59346
0 0
26.4267 6.22828
24.947 6.05003
77.7837 10.6816
39.6447 7.62859
152.666 14.9624
79.2475 10.7813
245.12 18.9521
145.291 14.5951
278.9 20.2143
149.717 14.8166
322.857 21.7431
117.407 13.1213
267.077 19.7791
132.046 13.9126
286.123 20.4697
83.6344 11.0745
159.931 15.3103
63.0914 9.61929
93.9074 11.7347
24.9357 6.04729
233.354 18.4915
230.474 18.3794
516.729 27.4933
388.974 23.8628
965.804 37.5269
666.402 31.2047
1561.69 47.6213
1087.58 39.8051
1880.13 52.1932
1229.9 42.3077
1957.82 53.2449
1197.49 41.749
1784.48 50.8614
943.564 37.0907
1402.85 45.1542
763.043 33.3745
961.05 37.4282
470.973 26.2449
522.289 27.6319
244.985 18.9417
647.394 30.7602
689.931 31.7493
1450.32 45.9123
1368.08 44.6035
2496.91 60.024
2332.41 58.045
3449.38 70.3142
3345.13 69.2683
4334.3 78.5738
3680.98 72.5746
4399.84 79.1428
3577.92 71.5739
3893.32 74.5783
3011.25 65.7894
2884.97 64.4226
2181.9 56.1598
1790.11 50.9372
1299.91 43.4776
919.898 36.6219
646.981 30.7406
603.34 29.6994
888.147 35.9989
1290.31 43.3294
1815.75 51.3059
2172.44 56.0506
3022.48 65.9201
3277.7 68.5838
4001.39 75.5869
3773.76 73.4628
4480.94 79.8496
3820.33 73.8986
4225.34 77.6065
3243.41 68.2266
3448.66 70.2995
2394.86 58.7959
2456.42 59.5332
1373.43 44.6812
1440.88 45.754
764.405 33.4019
723.3 32.4954
201.094 17.1688
466.852 26.1381
408.04 24.4386
867.574 35.5816
731.005 32.6755
1397.47 45.0763
970.288 37.6149
1864.16 51.9765
1250.56 42.6607
2041.58 54.3576
1263.73 42.882
1877.16 52.1519
1065.49 39.4003
1539.44 47.2808
719.086 32.4053
1014.01 38.4412
405.01 24.3451
600.162 29.6154
201.027 17.1631
296.362 20.8309
20.5539 5.49288
64.5947 9.73588
55.779 9.04684
161.479 15.388
104.204 12.3624
176.128 16.0686
129.164 13.7629
333.168 22.088
137.983 14.2252
321.451 21.6978
148.234 14.7424
314.091 21.4479
114.489 12.9583
250.985 19.1769
99.7854 12.0966
123.274 13.4447
38.15 7.48087
89.4991 11.4557
20.5434 5.49007
32.2816 6.8817
2.93605 2.07608
2.9365 2.0764
0 0
7.33695 3.2811
4.40346 2.5423
22.0217 5.68556
4.40735 2.54455
24.9608 6.05337
1.46713 1.46713
14.6764 4.64087
5.8717 2.93579
14.6788 4.64162
4.40559 2.54353
11.7453 4.15242
2.93546 2.07566
5.86787 2.93387
1.46862 1.46861
5.86919 2.93454
0 0
2.93458 2.07504
0 0
0 0
0 0
0 0
0 0
0 0
0 0
0 0
0 0
0 0
0 0
0 0
0 0
0 0
0 0
0 0
0 0
0 0
0 0
0 0
SCALARS Back_faces_Absorbed_flux double 2
LOOKUP_TABLE default
0 0
0 0
0 0
0 0
0 0
0 0
0 0
0 0
0 0
0 0
0 0
0 0
0 0
0 0
0 0
0 0
0 0
0 0
0 0
0 0
1.46771 1.4677
1.46833 1.46832
4.40169 2.54128
0 0
4.40066 2.54069
1.46911 1.46911
10.2734 3.88283
4.40065 2.54068
17.6079 5.08267
7.3392 3.28211
10.2705 3.88176
4.39943 2.53998
14.6761 4.64076
7.33419 3.27987
13.21 4.40312
5.87043 2.93516
11.7407 4.15078
7.33991 3.28243
8.8024 3.59346
0 0
26.4267 6.22828
24.947 6.05003
77.7837 10.6816
39.6447 7.62859
152.666 14.9624
79.2475 10.7813
245.12 18.9521
145.291 14.5951
278.9 20.2143
149.717 14.8166
322.857 21.7431
117.407 13.1213
267.077 19.7791
132.046 13.9126
286.123 20.4697
83.6344 11.0745
159.931 15.3103
63.0914 9.61929
93.9074 11.7347
24.9357 6.04729
233.354 18.4915
230.474 18.3794
516.729 27.4933
388.974 23.8628
965.804 37.5269
666.402 31.2047
1561.69 47.6213
1087.58 39.8051
1880.13 52.1932
1229.9 42.3077
1957.82 53.2449
1197.49 41.749
1784.48 50.8614
943.564 37.0907
1402.85 45.1542
763.043 33.3745
961.05 37.4282
470.973 26.2449
522.289 27.6319
244.985 18.9417
647.394 30.7602
689.931 31.7493
1450.32 45.9123
1368.08 44.6035
2496.91 60.024
2332.41 58.045
3449.38 70.3142
3345.13 69.2683
4334.3 78.5738
3680.98 72.5746
4399.84 79.1428
3577.92 71.5739
3893.32 74.5783
3011.25 65.7894
2884.97 64.4226
2181.9 56.1598
1790.11 50.9372
1299.91 43.4776
919.898 36.6219
646.981 30.7406
603.34 29.6994
888.147 35.9989
1290.31 43.3294
1815.75 51.3059
2172.44 56.0506
3022.48 65.9201
3277.7 68.5838
4001.39 75.5869
3773.76 73.4628
4480.94 79.8496
3820.33 73.8986
4225.34 77.6065
3243.41 68.2266
3448.66 70.2995
2394.86 58.7959
2456.42 59.5332
1373.43 44.6812
1440.88 45.754
764.405 33.4019
723.3 32.4954
201.094 17.1688
466.852 26.1381
408.04 24.4386
867.574 35.5816
731.005 32.6755
1397.47 45.0763
970.288 37.6149
1864.16 51.9765
1250.56 42.6607
2041.58 54.3576
1263.73 42.882
1877.16 52.1519
1065.49 39.4003
1539.44 47.2808
719.086 32.4053
1014.01 38.4412
405.01 24.3451
600.162 29.6154
201.027 17.1631
296.362 20.8309
20.5539 5.49288
64.5947 9.73588
55.779 9.04684
161.479 15.388
104.204 12.3624
176.128 16.0686
129.164 13.7629
333.168 22.088
137.983 14.2252
321.451 21.6978
148.234 14.7424
314.091 21.4479
114.489 12.9583
250.985 19.1769
99.7854 12.0966
123.274 13.4447
38.15 7.48087
89.4991 11.4557
20.5434 5.49007
32.2816 6.8817
2.93605 2.07608
2.9365 2.0764
0 0
7.33695 3.2811
4.40346 2.5423
22.0217 5.68556
4.40735 2.54455
24.9608 6.05337
1.46713 1.46713
14.6764 4.64087
5.8717 2.93579
14.6788 4.64162
4.40559 2.54353
11.7453 4.15242
2.93546 2.07566
5.86787 2.93387
1.46862 1.46861
5.86919 2.93454
0 0
2.93458 2.07504
0 0
0 0
0 0
0 0
0 0
0 0
0 0
0 0
0 0
0 0
0 0
0 0
0 0
0 0
0 0
0 0
0 0
0 0
0 0
0 0
# vtk DataFile Version 2.0
virtual_target_e
ASCII
DATASET POLYDATA
POINTS 25 float
-50.000000 5.000000 150.000000
-100.000000 5.000000 100.000000
-50.000000 5.000000 100.000000
-100.000000 5.000000 150.000000
-50.000000 5.000000 200.000000
-100.000000 5.000000 200.000000
-50.000000 5.000000 250.000000
-100.000000 5.000000 250.000000
-50.000000 5.000000 300.000000
-100.000000 5.000000 300.000000
0.000000 5.000000 150.000000
0.000000 5.000000 100.000000
0.000000 5.000000 200.000000
0.000000 5.000000 250.000000
0.000000 5.000000 300.000000
50.000000 5.000000 150.000000
50.000000 5.000000 100.000000
50.000000 5.000000 200.000000
50.000000 5.000000 250.000000
50.000000 5.000000 300.000000
100.000000 5.000000 150.000000
100.000000 5.000000 100.000000
100.000000 5.000000 200.000000
100.000000 5.000000 250.000000
100.000000 5.000000 300.000000
POLYGONS 32 128
3 0 1 2
3 0 3 1
3 4 3 0
3 4 5 3
3 6 5 4
3 6 7 5
3 8 7 6
3 8 9 7
3 10 2 11
3 10 0 2
3 12 0 10
3 12 4 0
3 13 4 12
3 13 6 4
3 14 6 13
3 14 8 6
3 15 11 16
3 15 10 11
3 17 10 15
3 17 12 10
3 18 12 17
3 18 13 12
3 19 13 18
3 19 14 13
3 20 16 21
3 20 15 16
3 22 15 20
3 22 17 15
3 23 17 22
3 23 18 17
3 24 18 23
3 24 19 18
CELL_DATA 32
SCALARS Front_faces_Incoming_flux double 2
LOOKUP_TABLE default
0 0
0 0
0 0
0 0
0 0
0 0
0 0
0 0
0 0
0 0
0 0
0 0
0 0
0 0
0 0
0 0
0 0
0 0
0 0
0 0
0 0
0 0
0 0
0 0
0 0
0 0
0 0
0 0
0 0
0 0
0 0
0 0
