#--- Sun direction: 270 29.11 (1.60494e-16 0.873687 -0.486488)
7 2 1 100000 0
68250.6 0
56170.5 34.8053
0.949529 6.74136e-06
0.648303 0.6483
2154.35 34.7756
6480.54 0.0809819
0 0
target_e 10 100   0 0   0 0   0 0   0 0   0 0   0 0   0 0   0 0   0 0   0 0   0 0   56170.5 34.8053   62411.7 38.6726   56170.5 34.8053   6241.17 3.86726   0 0   56170.5 34.8053   62411.7 38.6726   56170.5 34.8053   6241.17 3.86726   0 0   0.823003 0.000509963
virtual_target_e 2 40000   0 0   0 0   0 0   0 0   0 0   0 0   0 0   0 0   0 0   0 0   0 0   -1 -1   -1 -1   -1 -1   -1 -1   -1 -1   -1 -1   -1 -1   -1 -1   -1 -1   -1 -1   -1 -1
H_0.hst_0.pivot.reflect_surface 18 100.004 100000   0.949529 6.74136e-06   0.648303 0.6483
10 18   0 0   0 0   0 0   0 0   0 0   0 0   0 0   0 0   0 0   0 0   56170.5 34.8053   62411.7 38.6726   56170.5 34.8053   6241.17 3.86726   0 0   56170.5 34.8053   62411.7 38.6726   56170.5 34.8053   6241.17 3.86726   0 0
2 18   0 0   0 0   0 0   0 0   0 0   0 0   0 0   0 0   0 0   0 0   -1 -1   -1 -1   -1 -1   -1 -1   -1 -1   -1 -1   -1 -1   -1 -1   -1 -1   -1 -1
# vtk DataFile Version 2.0
target_e
ASCII
DATASET POLYDATA
POINTS 121 float
-4.000000 -0.000000 196.000000
-5.000000 -0.000000 195.000000
-4.000000 -0.000000 195.000000
-5.000000 -0.000000 196.000000
-4.000000 -0.000000 197.000000
-5.000000 -0.000000 197.000000
-4.000000 -0.000000 198.000000
-5.000000 -0.000000 198.000000
-4.000000 -0.000000 199.000000
-5.000000 -0.000000 199.000000
-4.000000 0.000000 200.000000
-5.000000 0.000000 200.000000
-4.000000 0.000000 201.000000
-5.000000 0.000000 201.000000
-4.000000 0.000000 202.000000
-5.000000 0.000000 202.000000
-4.000000 0.000000 203.000000
-5.000000 0.000000 203.000000
-4.000000 0.000000 204.000000
-5.000000 0.000000 204.000000
-4.000000 0.000000 205.000000
-5.000000 0.000000 205.000000
-3.000000 -0.000000 196.000000
-3.000000 -0.000000 195.000000
-3.000000 -0.000000 197.000000
-3.000000 -0.000000 198.000000
-3.000000 -0.000000 199.000000
-3.000000 0.000000 200.000000
-3.000000 0.000000 201.000000
-3.000000 0.000000 202.000000
-3.000000 0.000000 203.000000
-3.000000 0.000000 204.000000
-3.000000 0.000000 205.000000
-2.000000 -0.000000 196.000000
-2.000000 -0.000000 195.000000
-2.000000 -0.000000 197.000000
-2.000000 -0.000000 198.000000
-2.000000 -0.000000 199.000000
-2.000000 0.000000 200.000000
-2.000000 0.000000 201.000000
-2.000000 0.000000 202.000000
-2.000000 0.000000 203.000000
-2.000000 0.000000 204.000000
-2.000000 0.000000 205.000000
-1.000000 -0.000000 196.000000
-1.000000 -0.000000 195.000000
-1.000000 -0.000000 197.000000
-1.000000 -0.000000 198.000000
-1.000000 -0.000000 199.000000
-1.000000 0.000000 200.000000
-1.000000 0.000000 201.000000
-1.000000 0.000000 202.000000
-1.000000 0.000000 203.000000
-1.000000 0.000000 204.000000
-1.000000 0.000000 205.000000
0.000000 -0.000000 196.000000
0.000000 -0.000000 195.000000
0.000000 -0.000000 197.000000
0.000000 -0.000000 198.000000
0.000000 -0.000000 199.000000
0.000000 0.000000 200.000000
0.000000 0.000000 201.000000
0.000000 0.000000 202.000000
0.000000 0.000000 203.000000
0.000000 0.000000 204.000000
0.000000 0.000000 205.000000
1.000000 -0.000000 196.000000
1.000000 -0.000000 195.000000
1.000000 -0.000000 197.000000
1.000000 -0.000000 198.000000
1.000000 -0.000000 199.000000
1.000000 0.000000 200.000000
1.000000 0.000000 201.000000
1.000000 0.000000 202.000000
1.000000 0.000000 203.000000
1.000000 0.000000 204.000000
1.000000 0.000000 205.000000
2.000000 -0.000000 196.000000
2.000000 -0.000000 195.000000
2.000000 -0.000000 197.000000
2.000000 -0.000000 198.000000
2.000000 -0.000000 199.000000
2.000000 0.000000 200.000000
2.000000 0.000000 201.000000
2.000000 0.000000 202.000000
2.000000 0.000000 203.000000
2.000000 0.000000 204.000000
2.000000 0.000000 205.000000
3.000000 -0.000000 196.000000
3.000000 -0.000000 195.000000
3.000000 -0.000000 197.000000
3.000000 -0.000000 198.000000
3.000000 -0.000000 199.000000
3.000000 0.000000 200.000000
3.000000 0.000000 201.000000
3.000000 0.000000 202.000000
3.000000 0.000000 203.000000
3.000000 0.000000 204.000000
3.000000 0.000000 205.000000
4.000000 -0.000000 196.000000
4.000000 -0.000000 195.000000
4.000000 -0.000000 197.000000
4.000000 -0.000000 198.000000
4.000000 -0.000000 199.000000
4.000000 0.000000 200.000000
4.000000 0.000000 201.000000
4.000000 0.000000 202.000000
4.000000 0.000000 203.000000
4.000000 0.000000 204.000000
4.000000 0.000000 205.000000
5.000000 -0.000000 196.000000
5.000000 -0.000000 195.000000
5.000000 -0.000000 197.000000
5.000000 -0.000000 198.000000
5.000000 -0.000000 199.000000
5.000000 0.000000 200.000000
5.000000 0.000000 201.000000
5.000000 0.000000 202.000000
5.000000 0.000000 203.000000
5.000000 0.000000 204.000000
5.000000 0.000000 205.000000
POLYGONS 200 800
3 0 1 2
3 0 3 1
3 4 3 0
3 4 5 3
3 6 5 4
3 6 7 5
3 8 7 6
3 8 9 7
3 10 9 8
3 10 11 9
3 12 11 10
3 12 13 11
3 14 13 12
3 14 15 13
3 16 15 14
3 16 17 15
3 18 17 16
3 18 19 17
3 20 19 18
3 20 21 19
3 22 2 23
3 22 0 2
3 24 0 22
3 24 4 0
3 25 4 24
3 25 6 4
3 26 6 25
3 26 8 6
3 27 8 26
3 27 10 8
3 28 10 27
3 28 12 10
3 29 12 28
3 29 14 12
3 30 14 29
3 30 16 14
3 31 16 30
3 31 18 16
3 32 18 31
3 32 20 18
3 33 23 34
3 33 22 23
3 35 22 33
3 35 24 22
3 36 24 35
3 36 25 24
3 37 25 36
3 37 26 25
3 38 26 37
3 38 27 26
3 39 27 38
3 39 28 27
3 40 28 39
3 40 29 28
3 41 29 40
3 41 30 29
3 42 30 41
3 42 31 30
3 43 31 42
3 43 32 31
3 44 34 45
3 44 33 34
3 46 33 44
3 46 35 33
3 47 35 46
3 47 36 35
3 48 36 47
3 48 37 36
3 49 37 48
3 49 38 37
3 50 38 49
3 50 39 38
3 51 39 50
3 51 40 39
3 52 40 51
3 52 41 40
3 53 41 52
3 53 42 41
3 54 42 53
3 54 43 42
3 55 45 56
3 55 44 45
3 57 44 55
3 57 46 44
3 58 46 57
3 58 47 46
3 59 47 58
3 59 48 47
3 60 48 59
3 60 49 48
3 61 49 60
3 61 50 49
3 62 50 61
3 62 51 50
3 63 51 62
3 63 52 51
3 64 52 63
3 64 53 52
3 65 53 64
3 65 54 53
3 66 56 67
3 66 55 56
3 68 55 66
3 68 57 55
3 69 57 68
3 69 58 57
3 70 58 69
3 70 59 58
3 71 59 70
3 71 60 59
3 72 60 71
3 72 61 60
3 73 61 72
3 73 62 61
3 74 62 73
3 74 63 62
3 75 63 74
3 75 64 63
3 76 64 75
3 76 65 64
3 77 67 78
3 77 66 67
3 79 66 77
3 79 68 66
3 80 68 79
3 80 69 68
3 81 69 80
3 81 70 69
3 82 70 81
3 82 71 70
3 83 71 82
3 83 72 71
3 84 72 83
3 84 73 72
3 85 73 84
3 85 74 73
3 86 74 85
3 86 75 74
3 87 75 86
3 87 76 75
3 88 78 89
3 88 77 78
3 90 77 88
3 90 79 77
3 91 79 90
3 91 80 79
3 92 80 91
3 92 81 80
3 93 81 92
3 93 82 81
3 94 82 93
3 94 83 82
3 95 83 94
3 95 84 83
3 96 84 95
3 96 85 84
3 97 85 96
3 97 86 85
3 98 86 97
3 98 87 86
3 99 89 100
3 99 88 89
3 101 88 99
3 101 90 88
3 102 90 101
3 102 91 90
3 103 91 102
3 103 92 91
3 104 92 103
3 104 93 92
3 105 93 104
3 105 94 93
3 106 94 105
3 106 95 94
3 107 95 106
3 107 96 95
3 108 96 107
3 108 97 96
3 109 97 108
3 109 98 97
3 110 100 111
3 110 99 100
3 112 99 110
3 112 101 99
3 113 101 112
3 113 102 101
3 114 102 113
3 114 103 102
3 115 103 114
3 115 104 103
3 116 104 115
3 116 105 104
3 117 105 116
3 117 106 105
3 118 106 117
3 118 107 106
3 119 107 118
3 119 108 107
3 120 108 119
3 120 109 108
CELL_DATA 200
SCALARS Front_faces_Incoming_flux double 2
LOOKUP_TABLE default
0 0
0 0
0 0
0 0
0 0
0 0
0 0
0 0
0 0
0 0
0 0
0 0
0 0
0 0
0 0
0 0
0 0
0 0
0 0
0 0
0 0
0 0
0 0
0 0
0 0
0 0
0 0
0 0
0 0
0 0
0 0
0 0
0 0
0 0
0 0
0 0
0 0
0 0
0 0
0 0
0 0
0 0
0 0
0 0
0 0
0 0
0 0
0 0
0 0
0 0
0 0
0 0
0 0
0 0
0 0
0 0
0 0
0 0
0 0
0 0
0 0
0 0
0 0
0 0
0 0
0 0
0 0
0 0
0 0
0 0
0 0
0 0
0 0
0 0
0 0
0 0
0 0
0 0
0 0
0 0
0 0
0 0
0 0
0 0
0 0
0 0
0 0
0 0
0 0
0 0
0 0
0 0
0 0
0 0
0 0
0 0
0 0
0 0
0 0
0 0
0 0
0 0
0 0
0 0
0 0
0 0
0 0
0 0
0 0
0 0
0 0
0 0
0 0
0 0
0 0
0 0
0 0
0 0
0 0
0 0
0 0
0 0
0 0
0 0
0 0
0 0
0 0
0 0
0 0
0 0
0 0
0 0
0 0
0 0
0 0
0 0
0 0
0 0
0 0
0 0
0 0
0 0
0 0
0 0
0 0
0 0
0 0
0 0
0 0
0 0
0 0
0 0
0 0
0 0
0 0
0 0
0 0
0 0
0 0
0 0
0 0
0 0
0 0
0 0
0 0
0 0
0 0
0 0
0 0
0 0
0 0
0 0
0 0
0 0
0 0
0 0
0 0
0 0
0 0
0 0
0 0
0 0
0 0
0 0
0 0
0 0
0 0
0 0
0 0
0 0
0 0
0 0
0 0
0 0
0 0
0 0
0 0
0 0
0 0
0 0
SCALARS Front_faces_Absorbed_flux double 2
LOOKUP_TABLE default
0 0
0 0
0 0
0 0
0 0
0 0
0 0
0 0
0 0
0 0
0 0
0 0
0 0
0 0
0 0
0 0
0 0
0 0
0 0
0 0
0 0
0 0
0 0
0 0
0 0
0 0
0 0
0 0
0 0
0 0
0 0
0 0
0 0
0 0
0 0
0 0
0 0
0 0
0 0
0 0
0 0
0 0
0 0
0 0
0 0
0 0
0 0
0 0
0 0
0 0
0 0
0 0
0 0
0 0
0 0
0 0
0 0
0 0
0 0
0 0
0 0
0 0
0 0
0 0
0 0
0 0
0 0
0 0
0 0
0 0
0 0
0 0
0 0
0 0
0 0
0 0
0 0
0 0
0 0
0 0
0 0
0 0
0 0
0 0
0 0
0 0
0 0
0 0
0 0
0 0
0 0
0 0
0 0
0 0
0 0
0 0
0 0
0 0
0 0
0 0
0 0
0 0
0 0
0 0
0 0
0 0
0 0
0 0
0 0
0 0
0 0
0 0
0 0
0 0
0 0
0 0
0 0
0 0
0 0
0 0
0 0
0 0
0 0
0 0
0 0
0 0
0 0
0 0
0 0
0 0
0 0
0 0
0 0
0 0
0 0
0 0
0 0
0 0
0 0
0 0
0 0
0 0
0 0
0 0
0 0
0 0
0 0
0 0
0 0
0 0
0 0
0 0
0 0
0 0
0 0
0 0
0 0
0 0
0 0
0 0
0 0
0 0
0 0
0 0
0 0
0 0
0 0
0 0
0 0
0 0
0 0
0 0
0 0
0 0
0 0
0 0
0 0
0 0
0 0
0 0
0 0
0 0
0 0
0 0
0 0
0 0
0 0
0 0
0 0
0 0
0 0
0 0
0 0
0 0
0 0
0 0
0 0
0 0
0 0
0 0
SCALARS Back_faces_Incoming_flux double 2
LOOKUP_TABLE default
0 0
0 0
0 0
0 0
0 0
0 0
0 0
0 0
0 0
0 0
0 0
0 0
0 0
0 0
0 0
0 0
0 0
0 0
0 0
0 0
2.32972 1.64735
0 0
0 0
0 0
1.16343 1.16343
1.16715 1.16715
5.84123 2.61221
1.16678 1.16678
11.6635 3.68814
1.16786 1.16785
15.1544 4.20282
2.32654 1.64509
18.6654 4.666
3.50067 2.02109
8.17536 3.08989
4.66023 2.33008
9.32948 3.29835
3.49203 2.0161
4.65981 2.32986
1.16373 1.16373
14.0095 4.04396
11.6844 3.69474
51.3666 7.74212
31.5272 6.06662
112.068 11.4324
54.8522 7.99915
163.412 13.8012
85.1715 9.96495
235.679 16.5656
95.6662 10.5603
230.94 16.396
93.2896 10.4259
179.582 14.4601
107.271 11.1787
195.808 15.0943
59.461 8.3241
124.709 12.0497
40.7778 6.89152
62.9208 8.56014
24.4466 5.33413
183.315 14.6187
162.324 13.7586
427.329 22.296
304.646 18.8325
818.326 30.7993
484.342 23.7261
1150.69 36.4643
835.561 31.1145
1552.89 42.2807
930.958 32.8239
1592.19 42.8001
910.867 32.466
1408.66 40.2842
770.572 29.8726
1087.69 35.4431
566.416 25.6307
723.612 28.9473
364.648 20.5789
399.503 21.5342
177.033 14.3484
530.262 24.8299
511.628 24.393
1153.66 36.5213
1161.76 36.6466
2027.82 48.2308
1845.36 46.0423
2745.3 55.9376
2641.14 54.8882
3511.88 63.0407
2933.09 57.7584
3590.26 63.7095
2803.76 56.4925
3076.14 59.0968
2558.16 54.0123
2297.54 51.2388
1753.08 44.863
1460.01 40.9868
1035.86 34.5871
804.846 30.5119
547.445 25.1924
520.929 24.6117
701.888 28.5445
990.268 33.8615
1458.24 41.0033
1737 44.6935
2349.84 51.8444
2629.98 54.7804
3138.13 59.6977
3107.4 59.409
3635.43 64.104
3025 58.63
3472.07 62.6812
2522.24 53.6428
2791.38 56.3633
1939.84 47.157
1957.02 47.3581
1138.58 36.2481
1129.22 36.0996
643.036 27.2939
616.186 26.7198
175.166 14.2915
350.308 20.1947
347.973 20.1275
676.047 28.0142
561.607 25.5455
1113.54 35.88
790.269 30.2696
1455.47 40.9587
907.735 32.4171
1658.29 43.6774
990.565 33.8516
1493.18 41.4678
817.529 30.7693
1129.96 36.1234
507.124 24.2618
818.186 30.7719
327.484 19.5086
442.797 22.6718
144.499 12.9684
209.664 15.6134
21.04 4.95875
59.5593 8.33786
37.3648 6.60417
93.4058 10.4389
66.5549 8.81292
144.73 12.9891
112.04 11.4295
217.01 15.8972
102.694 10.9425
232.187 16.4429
103.83 11.0011
204.128 15.4171
78.1475 9.54407
172.58 14.1755
52.5108 7.8261
113.074 11.4754
32.6158 6.16297
51.2875 7.73021
20.9781 4.94414
26.7904 5.58555
0 0
4.67585 2.33789
0 0
5.84335 2.61317
4.67027 2.33509
4.66863 2.33428
0 0
7.00236 2.85862
2.33355 1.65006
4.6704 2.33516
1.16843 1.16843
9.33808 3.30139
3.49168 2.01589
6.99724 2.85653
0 0
2.33448 1.65071
1.16859 1.16858
4.66299 2.33145
0 0
2.33276 1.6495
0 0
1.16508 1.16507
0 0
0 0
0 0
0 0
0 0
0 0
0 0
0 0
0 0
0 0
0 0
0 0
0 0
0 0
0 0
0 0
0 0
0 0
SCALARS Back_faces_Absorbed_flux double 2
LOOKUP_TABLE default
0 0
0 0
0 0
0 0
0 0
0 0
0 0
0 0
0 0
0 0
0 0
0 0
0 0
0 0
0 0
0 0
0 0
0 0
0 0
0 0
2.32972 1.64735
0 0
0 0
0 0
1.16343 1.16343
1.16715 1.16715
5.84123 2.61221
1.16678 1.16678
11.6635 3.68814
1.16786 1.16785
15.1544 4.20282
2.32654 1.64509
18.6654 4.666
3.50067 2.02109
8.17536 3.08989
4.66023 2.33008
9.32948 3.29835
3.49203 2.0161
4.65981 2.32986
1.16373 1.16373
14.0095 4.04396
11.6844 3.69474
51.3666 7.74212
31.5272 6.06662
112.068 11.4324
54.8522 7.99915
163.412 13.8012
85.1715 9.96495
235.679 16.5656
95.6662 10.5603
230.94 16.396
93.2896 10.4259
179.582 14.4601
107.271 11.1787
195.808 15.0943
59.461 8.3241
124.709 12.0497
40.7778 6.89152
62.9208 8.56014
24.4466 5.33413
183.315 14.6187
162.324 13.7586
427.329 22.296
304.646 18.8325
818.326 30.7993
484.342 23.7261
1150.69 36.4643
835.561 31.1145
1552.89 42.2807
930.958 32.8239
1592.19 42.8001
910.867 32.466
1408.66 40.2842
770.572 29.8726
1087.69 35.4431
566.416 25.6307
723.612 28.9473
364.648 20.5789
399.503 21.5342
177.033 14.3484
530.262 24.8299
511.628 24.393
1153.66 36.5213
1161.76 36.6466
2027.82 48.2308
1845.36 46.0423
2745.3 55.9376
2641.14 54.8882
3511.88 63.0407
2933.09 57.7584
3590.26 63.7095
2803.76 56.4925
3076.14 59.0968
2558.16 54.0123
2297.54 51.2388
1753.08 44.863
1460.01 40.9868
1035.86 34.5871
804.846 30.5119
547.445 25.1924
520.929 24.6117
701.888 28.5445
990.268 33.8615
1458.24 41.0033
1737 44.6935
2349.84 51.8444
2629.98 54.7804
3138.13 59.6977
3107.4 59.409
3635.43 64.104
3025 58.63
3472.07 62.6812
2522.24 53.6428
2791.38 56.3633
1939.84 47.157
1957.02 47.3581
1138.58 36.2481
1129.22 36.0996
643.036 27.2939
616.186 26.7198
175.166 14.2915
350.308 20.1947
347.973 20.1275
676.047 28.0142
561.607 25.5455
1113.54 35.88
790.269 30.2696
1455.47 40.9587
907.735 32.4171
1658.29 43.6774
990.565 33.8516
1493.18 41.4678
817.529 30.7693
1129.96 36.1234
507.124 24.2618
818.186 30.7719
327.484 19.5086
442.797 22.6718
144.499 12.9684
209.664 15.6134
21.04 4.95875
59.5593 8.33786
37.3648 6.60417
93.4058 10.4389
66.5549 8.81292
144.73 12.9891
112.04 11.4295
217.01 15.8972
102.694 10.9425
232.187 16.4429
103.83 11.0011
204.128 15.4171
78.1475 9.54407
172.58 14.1755
52.5108 7.8261
113.074 11.4754
32.6158 6.16297
51.2875 7.73021
20.9781 4.94414
26.7904 5.58555
0 0
4.67585 2.33789
0 0
5.84335 2.61317
4.67027 2.33509
4.66863 2.33428
0 0
7.00236 2.85862
2.33355 1.65006
4.6704 2.33516
1.16843 1.16843
9.33808 3.30139
3.49168 2.01589
6.99724 2.85653
0 0
2.33448 1.65071
1.16859 1.16858
4.66299 2.33145
0 0
2.33276 1.6495
0 0
1.16508 1.16507
0 0
0 0
0 0
0 0
0 0
0 0
0 0
0 0
0 0
0 0
0 0
0 0
0 0
0 0
0 0
0 0
0 0
0 0
# vtk DataFile Version 2.0
virtual_target_e
ASCII
DATASET POLYDATA
POINTS 25 float
-50.000000 5.000000 150.000000
-100.000000 5.000000 100.000000
-50.000000 5.000000 100.000000
-100.000000 5.000000 150.000000
-50.000000 5.000000 200.000000
-100.000000 5.000000 200.000000
-50.000000 5.000000 250.000000
-100.000000 5.000000 250.000000
-50.000000 5.000000 300.000000
-100.000000 5.000000 300.000000
0.000000 5.000000 150.000000
0.000000 5.000000 100.000000
0.000000 5.000000 200.000000
0.000000 5.000000 250.000000
0.000000 5.000000 300.000000
50.000000 5.000000 150.000000
50.000000 5.000000 100.000000
50.000000 5.000000 200.000000
50.000000 5.000000 250.000000
50.000000 5.000000 300.000000
100.000000 5.000000 150.000000
100.000000 5.000000 100.000000
100.000000 5.000000 200.000000
100.000000 5.000000 250.000000
100.000000 5.000000 300.000000
POLYGONS 32 128
3 0 1 2
3 0 3 1
3 4 3 0
3 4 5 3
3 6 5 4
3 6 7 5
3 8 7 6
3 8 9 7
3 10 2 11
3 10 0 2
3 12 0 10
3 12 4 0
3 13 4 12
3 13 6 4
3 14 6 13
3 14 8 6
3 15 11 16
3 15 10 11
3 17 10 15
3 17 12 10
3 18 12 17
3 18 13 12
3 19 13 18
3 19 14 13
3 20 16 21
3 20 15 16
3 22 15 20
3 22 17 15
3 23 17 22
3 23 18 17
3 24 18 23
3 24 19 18
CELL_DATA 32
SCALARS Front_faces_Incoming_flux double 2
LOOKUP_TABLE default
0 0
0 0
0 0
0 0
0 0
0 0
0 0
0 0
0 0
0 0
0 0
0 0
0 0
0 0
0 0
0 0
0 0
0 0
0 0
0 0
0 0
0 0
0 0
0 0
0 0
0 0
0 0
0 0
0 0
0 0
0 0
0 0
