#1
float table_1D_1(180,5) #h(J/kg), T(K), liquid fraction, rho(kg/m3), k(W/mK)
4896.46 280.00 0.00 3984.81 34.83
12254.56 290.00 0.00 3984.09 33.72
19849.62 300.00 0.00 3983.36 32.67
27668.64 310.00 0.00 3982.62 31.66
35699.41 320.00 0.00 3981.88 30.70
43930.40 330.00 0.00 3981.13 29.78
52350.78 340.00 0.00 3980.38 28.91
60950.33 350.00 0.00 3979.62 28.07
69719.43 360.00 0.00 3978.86 27.27
78649.01 370.00 0.00 3978.09 26.50
87730.56 380.00 0.00 3977.31 25.77
96956.04 390.00 0.00 3976.53 25.06
106317.87 400.00 0.00 3975.75 24.39
115808.94 410.00 0.00 3974.95 23.74
125422.53 420.00 0.00 3974.16 23.13
135152.33 430.00 0.00 3973.35 22.53
144992.38 440.00 0.00 3972.55 21.96
154937.07 450.00 0.00 3971.73 21.41
164981.13 460.00 0.00 3970.91 20.89
175119.59 470.00 0.00 3970.09 20.38
185347.77 480.00 0.00 3969.26 19.90
195661.24 490.00 0.00 3968.42 19.43
206055.87 500.00 0.00 3967.58 18.99
216527.75 510.00 0.00 3966.74 18.55
227073.18 520.00 0.00 3965.89 18.14
237688.70 530.00 0.00 3965.03 17.74
248371.05 540.00 0.00 3964.18 17.36
259117.14 550.00 0.00 3963.31 16.99
269924.09 560.00 0.00 3962.44 16.63
280789.15 570.00 0.00 3961.57 16.29
291709.77 580.00 0.00 3960.69 15.96
302683.53 590.00 0.00 3959.80 15.64
313708.13 600.00 0.00 3958.91 15.33
324781.45 610.00 0.00 3958.02 15.03
335901.45 620.00 0.00 3957.12 14.75
347066.24 630.00 0.00 3956.22 14.47
358274.01 640.00 0.00 3955.31 14.20
369523.09 650.00 0.00 3954.40 13.95
380811.88 660.00 0.00 3953.49 13.70
392138.88 670.00 0.00 3952.57 13.46
403502.69 680.00 0.00 3951.64 13.23
414901.98 690.00 0.00 3950.71 13.00
426335.49 700.00 0.00 3949.78 12.79
437802.05 710.00 0.00 3948.84 12.58
449300.55 720.00 0.00 3947.90 12.38
460829.95 730.00 0.00 3946.95 12.18
472389.25 740.00 0.00 3946.00 11.99
483977.54 750.00 0.00 3945.05 11.81
495593.94 760.00 0.00 3944.09 11.63
507237.62 770.00 0.00 3943.13 11.46
518907.83 780.00 0.00 3942.16 11.30
530603.82 790.00 0.00 3941.19 11.14
542324.91 800.00 0.00 3940.22 10.99
554070.45 810.00 0.00 3939.24 10.84
565839.84 820.00 0.00 3938.26 10.69
577632.50 830.00 0.00 3937.28 10.55
589447.90 840.00 0.00 3936.29 10.42
601285.51 850.00 0.00 3935.30 10.28
613144.87 860.00 0.00 3934.30 10.16
625025.53 870.00 0.00 3933.30 10.03
636927.05 880.00 0.00 3932.30 9.91
648849.04 890.00 0.00 3931.30 9.80
660791.12 900.00 0.00 3930.29 9.69
672752.94 910.00 0.00 3929.27 9.58
684734.17 920.00 0.00 3928.26 9.47
696734.48 930.00 0.00 3927.24 9.37
708753.58 940.00 0.00 3926.22 9.27
720791.20 950.00 0.00 3925.19 9.18
732847.07 960.00 0.00 3924.16 9.08
744920.94 970.00 0.00 3923.13 8.99
757012.58 980.00 0.00 3922.09 8.91
769121.76 990.00 0.00 3921.06 8.82
781248.30 1000.00 0.00 3920.01 8.74
793391.98 1010.00 0.00 3918.97 8.66
805552.63 1020.00 0.00 3917.92 8.58
817730.06 1030.00 0.00 3916.87 8.51
829924.13 1040.00 0.00 3915.82 8.43
842134.68 1050.00 0.00 3914.77 8.36
854361.56 1060.00 0.00 3913.71 8.29
866604.63 1070.00 0.00 3912.65 8.23
878863.78 1080.00 0.00 3911.59 8.16
891138.87 1090.00 0.00 3910.52 8.10
903429.80 1100.00 0.00 3909.45 8.04
915736.45 1110.00 0.00 3908.38 7.98
928058.74 1120.00 0.00 3907.31 7.92
940396.55 1130.00 0.00 3906.23 7.87
952749.81 1140.00 0.00 3905.16 7.81
965118.43 1150.00 0.00 3904.08 7.76
977502.33 1160.00 0.00 3902.99 7.71
989901.43 1170.00 0.00 3901.91 7.66
1002315.67 1180.00 0.00 3900.82 7.61
1014744.98 1190.00 0.00 3899.73 7.56
1027189.29 1200.00 0.00 3898.64 7.52
1039648.55 1210.00 0.00 3897.55 7.47
1052122.71 1220.00 0.00 3896.45 7.43
1064611.71 1230.00 0.00 3895.36 7.39
1077115.50 1240.00 0.00 3894.26 7.35
1089634.04 1250.00 0.00 3893.16 7.31
1102167.27 1260.00 0.00 3892.05 7.27
1114715.17 1270.00 0.00 3890.95 7.23
1127277.70 1280.00 0.00 3889.84 7.20
1139854.81 1290.00 0.00 3888.74 7.16
1152446.47 1300.00 0.00 3887.63 7.13
1165052.65 1310.00 0.00 3886.52 7.09
1177673.33 1320.00 0.00 3885.40 7.06
1190308.46 1330.00 0.00 3884.29 7.03
1202958.03 1340.00 0.00 3883.17 7.00
1215622.01 1350.00 0.00 3882.06 6.97
1228300.38 1360.00 0.00 3880.94 6.94
1240993.10 1370.00 0.00 3879.82 6.91
1253700.17 1380.00 0.00 3878.70 6.88
1266421.56 1390.00 0.00 3877.57 6.86
1279157.26 1400.00 0.00 3876.45 6.83
1291907.24 1410.00 0.00 3875.33 6.81
1304671.49 1420.00 0.00 3874.20 6.78
1317449.99 1430.00 0.00 3873.07 6.76
1330242.74 1440.00 0.00 3871.94 6.73
1343049.70 1450.00 0.00 3870.81 6.71
1355870.88 1460.00 0.00 3869.68 6.69
1368706.26 1470.00 0.00 3868.55 6.67
1381555.82 1480.00 0.00 3867.42 6.65
1394419.56 1490.00 0.00 3866.29 6.63
1407297.47 1500.00 0.00 3865.16 6.61
1420189.54 1510.00 0.00 3864.02 6.59
1433095.75 1520.00 0.00 3862.89 6.57
1446016.10 1530.00 0.00 3861.75 6.55
1458950.58 1540.00 0.00 3860.61 6.53
1471899.19 1550.00 0.00 3859.48 6.52
1484861.91 1560.00 0.00 3858.34 6.50
1497838.74 1570.00 0.00 3857.20 6.48
1510829.68 1580.00 0.00 3856.06 6.47
1523834.71 1590.00 0.00 3854.92 6.45
1536853.83 1600.00 0.00 3853.79 6.44
1549887.04 1610.00 0.00 3852.65 6.42
1562934.33 1620.00 0.00 3851.51 6.41
1575995.70 1630.00 0.00 3850.37 6.39
1589071.13 1640.00 0.00 3849.23 6.38
1602160.64 1650.00 0.00 3848.09 6.37
1615264.21 1660.00 0.00 3846.95 6.35
1628381.84 1670.00 0.00 3845.81 6.34
1641513.52 1680.00 0.00 3844.67 6.33
1654659.26 1690.00 0.00 3843.53 6.32
1667819.05 1700.00 0.00 3842.38 6.31
1680992.89 1710.00 0.00 3841.24 6.29
1694180.77 1720.00 0.00 3840.10 6.28
1707382.69 1730.00 0.00 3838.97 6.27
1720598.65 1740.00 0.00 3837.83 6.26
1733828.65 1750.00 0.00 3836.69 6.25
1747072.69 1760.00 0.00 3835.55 6.24
1760330.75 1770.00 0.00 3834.41 6.23
1773602.85 1780.00 0.00 3833.27 6.22
1786888.98 1790.00 0.00 3832.13 6.21
1800189.14 1800.00 0.00 3831.00 6.20
1813503.32 1810.00 0.00 3829.86 6.20
1826831.52 1820.00 0.00 3828.72 6.19
1840173.75 1830.00 0.00 3827.59 6.18
1853530.00 1840.00 0.00 3826.45 6.17
1866900.27 1850.00 0.00 3825.32 6.16
1880284.56 1860.00 0.00 3824.19 6.16
1893682.87 1870.00 0.00 3823.05 6.15
1907095.19 1880.00 0.00 3821.92 6.14
1920521.53 1890.00 0.00 3820.79 6.13
1933961.89 1900.00 0.00 3819.66 6.13
1947416.26 1910.00 0.00 3818.53 6.12
1960884.64 1920.00 0.00 3817.41 6.11
1974367.04 1930.00 0.00 3816.28 6.11
1987863.45 1940.00 0.00 3815.16 6.10
2001373.87 1950.00 0.00 3814.03 6.09
2014898.30 1960.00 0.00 3812.91 6.09
2028436.73 1970.00 0.00 3811.79 6.08
2041989.18 1980.00 0.00 3810.67 6.08
2055555.64 1990.00 0.00 3809.55 6.07
2069136.11 2000.00 0.00 3808.43 6.07
2082730.58 2010.00 0.00 3807.31 6.06
2096339.06 2020.00 0.00 3806.20 6.06
2109961.55 2030.00 0.00 3805.08 6.05
2123598.04 2040.00 0.00 3803.97 6.05
2137248.55 2050.00 0.00 3802.86 6.04
2150913.05 2060.00 0.00 3801.75 6.04
2164591.56 2070.00 1.00 3800.65 6.03

