#1
float table_1D_1(241,5) #h(J/kg), T(K), liquid fraction, rho(kg/m3), k(W/mK)
1266.3583645382 300.00 0.00 3339.01 18.26
5045.4686551534 305.00 0.00 3338.32 18.05
8852.6043268263 310.00 0.00 3337.64 17.85
12686.528939699 315.00 0.00 3336.96 17.64
16546.0832482698 320.00 0.00 3336.28 17.43
20430.1792636023 325.00 0.00 3335.61 17.22
24337.7948553401 330.00 0.00 3334.93 17.02
28267.9688371114 335.00 0.00 3334.26 16.81
32219.7964855808 340.00 0.00 3333.58 16.60
36192.425449158 345.00 0.00 3332.91 16.40
40185.0520073675 350.00 0.00 3332.24 16.19
44196.9176463455 355.00 0.00 3331.58 15.98
48227.3059197095 360.00 0.00 3330.91 15.77
52275.5395674278 365.00 0.00 3330.25 15.57
56340.9778683075 370.00 0.00 3329.58 15.36
60423.0142042773 375.00 0.00 3328.92 15.15
64521.0738169636 380.00 0.00 3328.26 14.95
68634.6117390757 385.00 0.00 3327.60 14.74
72763.1108849239 390.00 0.00 3326.94 14.53
76906.0802859595 395.00 0.00 3326.29 14.32
81063.0534586367 400.00 0.00 3325.63 14.12
85233.5868931888 405.00 0.00 3324.98 13.91
89417.2586529812 410.00 0.00 3324.33 13.70
93613.6670751036 415.00 0.00 3323.68 13.50
97822.4295637858 420.00 0.00 3323.03 13.29
102043.181468989 425.00 0.00 3322.39 13.08
106275.575043219 430.00 0.00 3321.74 12.87
110519.2784703 435.00 0.00 3321.10 12.67
114773.974960362 440.00 0.00 3320.46 12.46
119039.361905839 445.00 0.00 3319.81 12.25
123315.150093729 450.00 0.00 3319.18 12.05
127601.062969805 455.00 0.00 3318.54 11.84
131896.835950807 460.00 0.00 3317.90 11.63
136202.215781002 465.00 0.00 3317.27 11.43
140516.959929822 470.00 0.00 3316.64 11.22
144840.836027552 475.00 0.00 3316.00 11.07
149173.621336265 480.00 0.00 3315.37 11.02
153515.10225351 485.00 0.00 3314.75 10.97
157865.073846368 490.00 0.00 3314.12 10.93
162223.339413757 495.00 0.00 3313.49 10.88
166589.710074986 500.00 0.00 3312.87 10.83
170964.004382768 505.00 0.00 3312.25 10.78
175346.047958992 510.00 0.00 3311.63 10.73
179735.673151693 515.00 0.00 3311.01 10.68
184132.718711851 520.00 0.00 3310.39 10.64
188537.029488609 525.00 0.00 3309.77 10.59
192948.456141798 530.00 0.00 3309.16 10.54
197366.854870531 535.00 0.00 3308.55 10.49
201792.08715691 540.00 0.00 3307.93 10.44
206224.019523824 545.00 0.00 3307.32 10.40
210662.523305963 550.00 0.00 3306.72 10.35
215107.474433214 555.00 0.00 3306.11 10.30
219558.75322565 560.00 0.00 3305.50 10.25
224016.244199415 565.00 0.00 3304.90 10.20
228479.835882815 570.00 0.00 3304.30 10.16
232949.42064202 575.00 0.00 3303.70 10.11
237424.894515765 580.00 0.00 3303.10 10.06
241906.157058537 585.00 0.00 3302.50 10.01
246393.111191729 590.00 0.00 3301.90 9.96
250885.663062316 595.00 0.00 3301.31 9.92
255383.721908565 600.00 0.00 3300.71 9.87
259887.199932441 605.00 0.00 3300.12 9.82
264396.012178262 610.00 0.00 3299.53 9.77
268910.076417283 615.00 0.00 3298.94 9.72
273429.313037862 620.00 0.00 3298.36 9.67
277953.644940903 625.00 0.00 3297.77 9.63
282482.997440269 630.00 0.00 3297.19 9.58
287017.298167914 635.00 0.00 3296.60 9.53
291556.476983442 640.00 0.00 3296.02 9.48
296100.465887891 645.00 0.00 3295.44 9.43
300649.198941493 650.00 0.00 3294.86 9.39
305202.612185184 655.00 0.00 3294.29 9.34
309760.643565705 660.00 0.00 3293.71 9.29
314323.232864065 665.00 0.00 3293.14 9.24
318890.321627217 670.00 0.00 3292.57 9.19
323461.853102772 675.00 0.00 3292.00 9.15
328037.772176573 680.00 0.00 3291.43 9.13
332618.025313035 685.00 0.00 3290.86 9.11
337202.56049805 690.00 0.00 3290.29 9.09
341791.32718438 695.00 0.00 3289.73 9.07
346384.276239365 700.00 0.00 3289.17 9.05
350981.359894887 705.00 0.00 3288.60 9.02
355582.531699413 710.00 0.00 3288.04 9.00
360187.746472087 715.00 0.00 3287.49 8.98
364796.9602587 720.00 0.00 3286.93 8.96
369410.130289514 725.00 0.00 3286.37 8.94
374027.214938786 730.00 0.00 3285.82 8.91
378648.17368598 735.00 0.00 3285.27 8.89
383272.96707852 740.00 0.00 3284.72 8.87
387901.556696062 745.00 0.00 3284.17 8.85
392533.905116189 750.00 0.00 3283.62 8.83
397169.975881464 755.00 0.00 3283.07 8.80
401809.733467797 760.00 0.00 3282.53 8.78
406453.143254041 765.00 0.00 3281.99 8.76
411100.171492771 770.00 0.00 3281.44 8.74
415750.78528221 775.00 0.00 3280.90 8.72
420404.952539209 780.00 0.00 3280.37 8.69
425062.641973292 785.00 0.00 3279.83 8.67
429723.823061652 790.00 0.00 3279.29 8.65
434388.466025121 795.00 0.00 3278.76 8.63
439056.541805016 800.00 0.00 3278.23 8.61
443728.022040876 805.00 0.00 3277.69 8.58
448402.879048985 810.00 0.00 3277.17 8.56
453081.085801729 815.00 0.00 3276.64 8.54
457762.615907676 820.00 0.00 3276.11 8.52
462447.443592391 825.00 0.00 3275.59 8.50
467135.543679946 830.00 0.00 3275.06 8.47
471826.8915751 835.00 0.00 3274.54 8.45
476521.463246097 840.00 0.00 3274.02 8.43
481219.235208094 845.00 0.00 3273.50 8.41
485920.184507164 850.00 0.00 3272.98 8.39
490624.288704867 855.00 0.00 3272.47 8.36
495331.525863339 860.00 0.00 3271.95 8.34
500041.874530937 865.00 0.00 3271.44 8.32
504755.313728337 870.00 0.00 3270.93 8.30
509471.82293514 875.00 0.00 3270.42 8.28
514191.382076907 880.00 0.00 3269.91 8.27
518913.971512668 885.00 0.00 3269.41 8.27
523639.572022816 890.00 0.00 3268.90 8.26
528368.164797434 895.00 0.00 3268.40 8.25
533099.731424995 900.00 0.00 3267.89 8.25
537834.253881439 905.00 0.00 3267.39 8.24
542571.714519628 910.00 0.00 3266.89 8.23
547312.096059112 915.00 0.00 3266.40 8.22
552055.381576265 920.00 0.00 3265.90 8.22
556801.554494712 925.00 0.00 3265.41 8.21
561550.598576087 930.00 0.00 3264.91 8.20
566302.497911072 935.00 0.00 3264.42 8.19
571057.236910734 940.00 0.00 3263.93 8.19
575814.800298123 945.00 0.00 3263.44 8.18
580575.173100146 950.00 0.00 3262.96 8.17
585338.340639698 955.00 0.00 3262.47 8.16
590104.28852803 960.00 0.00 3261.99 8.16
594873.002657356 965.00 0.00 3261.50 8.15
599644.469193705 970.00 0.00 3261.02 8.14
604418.674569955 975.00 0.00 3260.54 8.14
609195.605479128 980.00 0.00 3260.07 8.13
613975.248867858 985.00 0.00 3259.59 8.12
618757.591930055 990.00 0.00 3259.12 8.11
623542.622100784 995.00 0.00 3258.64 8.11
628330.327050304 1000.00 0.00 3258.17 8.10
633120.694678299 1005.00 0.00 3257.70 8.09
637913.713108275 1010.00 0.00 3257.23 8.08
642709.370682115 1015.00 0.00 3256.76 8.08
647507.655954819 1020.00 0.00 3256.30 8.07
652308.557689365 1025.00 0.00 3255.83 8.06
657112.064851748 1030.00 0.00 3255.37 8.05
661918.16660614 1035.00 0.00 3254.91 8.05
666726.852310209 1040.00 0.00 3254.45 8.04
671538.111510561 1045.00 0.00 3253.99 8.03
676351.933938313 1050.00 0.00 3253.54 8.03
681168.309504798 1055.00 0.00 3253.08 8.02
685987.228297381 1060.00 0.00 3252.63 8.01
690808.680575408 1065.00 0.00 3252.18 8.00
695632.656766253 1070.00 0.00 3251.72 8.00
700459.147461485 1075.00 0.00 3251.28 7.99
705288.143413138 1080.00 0.00 3250.83 7.98
710119.635530084 1085.00 0.00 3250.38 7.98
714953.614874509 1090.00 0.00 3249.94 7.97
719790.072658482 1095.00 0.00 3249.50 7.97
724629.000240617 1100.00 0.00 3249.05 7.96
729470.389122833 1105.00 0.00 3248.61 7.96
734314.230947184 1110.00 0.00 3248.18 7.95
739160.517492802 1115.00 0.00 3247.74 7.95
744009.240672897 1120.00 0.00 3247.30 7.94
748860.392531842 1125.00 0.00 3246.87 7.94
753713.965242352 1130.00 0.00 3246.44 7.93
758569.951102715 1135.00 0.00 3246.01 7.93
763428.342534105 1140.00 0.00 3245.58 7.92
768289.132077978 1145.00 0.00 3245.15 7.92
773152.312393514 1150.00 0.00 3244.72 7.91
778017.876255132 1155.00 0.00 3244.30 7.91
782885.81655009 1160.00 0.00 3243.88 7.90
787756.126276111 1165.00 0.00 3243.45 7.90
792628.7985391 1170.00 0.00 3243.03 7.89
797503.826550905 1175.00 0.00 3242.62 7.88
802381.203627135 1180.00 0.00 3242.20 7.88
807260.923185045 1185.00 0.00 3241.78 7.87
812142.978741452 1190.00 0.00 3241.37 7.87
817027.363910727 1195.00 0.00 3240.96 7.86
821914.072402826 1200.00 0.00 3240.55 7.86
826803.098021365 1205.00 0.00 3240.14 7.85
831694.434661754 1210.00 0.00 3239.73 7.85
836588.076309376 1215.00 0.00 3239.32 7.84
841484.017037789 1220.00 0.00 3238.92 7.84
846382.251007011 1225.00 0.00 3238.51 7.83
851282.772461817 1230.00 0.00 3238.11 7.83
856185.575730078 1235.00 0.00 3237.71 7.82
861090.655221156 1240.00 0.00 3237.31 7.82
865998.005424336 1245.00 0.00 3236.92 7.81
870907.620907272 1250.00 0.00 3236.52 7.81
875819.496314502 1255.00 0.00 3236.13 7.80
880733.62636598 1260.00 0.00 3235.73 7.80
885650.005855642 1265.00 0.00 3235.34 7.79
890568.629650016 1270.00 0.00 3234.95 7.79
895489.492686856 1275.00 0.00 3234.56 7.78
900412.589973814 1280.00 0.00 3234.18 7.78
905337.916587139 1285.00 0.00 3233.79 7.77
910265.467670403 1290.00 0.00 3233.41 7.76
915195.238433268 1295.00 0.00 3233.03 7.76
920127.224150274 1300.00 0.00 3232.65 7.75
925061.420159648 1305.00 0.00 3232.27 7.75
929997.821862152 1310.00 0.00 3231.89 7.74
934936.424719959 1315.00 0.00 3231.51 7.74
939877.224255537 1320.00 0.00 3231.14 7.73
944820.216050574 1325.00 0.00 3230.77 7.73
949765.395744931 1330.00 0.00 3230.39 7.72
954712.759035598 1335.00 0.00 3230.02 7.72
959662.301675692 1340.00 0.00 3229.66 7.71
964614.019473469 1345.00 0.00 3229.29 7.71
969567.908291369 1350.00 0.00 3228.92 7.70
974523.964045055 1355.00 0.00 3228.56 7.70
979482.18270251 1360.00 0.00 3228.20 7.69
984442.560283124 1365.00 0.00 3227.84 7.69
989405.092856818 1370.00 0.00 3227.48 7.68
994369.776543177 1375.00 0.00 3227.12 7.68
999336.607510613 1380.00 0.00 3226.76 7.67
1004305.58197553 1385.00 0.00 3226.41 7.67
1009276.69620151 1390.00 0.00 3226.06 7.66
1014249.94649857 1395.00 0.00 3225.70 7.65
1019225.32922232 1400.00 0.00 3225.35 7.65
1024202.84077324 1405.00 0.00 3225.01 7.64
1029182.47759595 1410.00 0.00 3224.66 7.64
1034164.23617847 1415.00 0.00 3224.31 7.63
1039148.11305152 1420.00 0.00 3223.97 7.63
1044134.10478779 1425.00 0.00 3223.63 7.62
1049122.20800133 1430.00 0.00 3223.28 7.62
1054112.4193468 1435.00 0.00 3222.95 7.61
1059104.73551889 1440.00 0.00 3222.61 7.61
1064099.15325163 1445.00 0.00 3222.27 7.60
1069095.66931782 1450.00 0.00 3221.94 7.60
1074094.28052834 1455.00 0.00 3221.60 7.59
1079094.98373161 1460.00 0.00 3221.27 7.59
1084097.775813 1465.00 0.00 3220.94 7.58
1089102.65369423 1470.00 0.00 3220.61 7.58
1094109.61433281 1475.00 0.00 3220.28 7.57
1099118.6547215 1480.00 0.00 3219.96 7.57
1104129.77188776 1485.00 0.00 3219.63 7.56
1109142.96289322 1490.00 0.00 3219.31 7.56
1114158.22483318 1495.00 0.00 3218.99 7.55
1119175.55483606 1500.00 0.00 3218.67 7.54

