#1
float table_1D_1(158,5) #h(J/kg), T(K), liquid fraction, rho(kg/m3), k(W/mK)
4188.46600814 303.0 0.0 2135.161 5.76053464456
12867.1955879 313.0 0.0 2132.031 5.52721839308
21582.173845 323.0 0.0 2128.901 5.31009108635
30331.6266521 333.0 0.0 2125.771 5.10757876224
39114.0258411 343.0 0.0 2122.641 4.91830175577
47928.0558416 353.0 0.0 2119.511 4.74104590747
56772.5858341 363.0 0.0 2116.381 4.57473871126
65646.6463829 373.0 0.0 2113.251 4.41842944527
74549.4097292 383.0 0.0 2110.121 4.27127253401
83480.1730928 393.0 0.0 2106.991 4.13251354794
92438.3444604 403.0 0.0 2103.861 4.00147736733
101423.430438 413.0 0.0 2100.731 3.87755813172
110435.025827 423.0 0.0 2097.601 3.76021066992
119472.804645 433.0 0.0 2094.471 3.64894316333
128536.512359 443.0 0.0 2091.341 3.54331084136
137625.959155 453.0 0.0 2088.211 3.44291054419
146741.014072 463.0 0.0 2085.081 3.3473760175
155881.599883 473.0 0.0 2081.951 3.25637382726
165047.688616 483.0 0.0 2078.821 3.1695998017
174239.297612 493.0 0.0 2075.691 3.08677592322
183456.486059 503.0 0.0 2072.561 3.00764760548
192699.351932 513.0 0.0 2069.431 2.93198130143
201968.029277 523.0 0.0 2066.301 2.85956239648
211262.685812 533.0 0.0 2063.171 2.79019334809
220583.520783 543.0 0.0 2060.041 2.72369203908
229930.763055 553.0 0.0 2056.911 2.65989031652
239304.669413 563.0 0.0 2053.781 2.5986326925
248705.52303 573.0 0.0 2050.651 2.53977518632
258133.632103 583.0 0.0 2047.521 2.48318429051
267589.32862 593.0 0.0 2044.391 2.42873604555
277072.967252 603.0 0.0 2041.261 2.3651331578
286584.924356 613.0 0.0 2038.131 2.26780739823
296125.597068 623.0 0.0 2035.001 2.18284160402
305695.402488 633.0 0.0 2031.871 2.1091353118
315294.77694 643.0 0.0 2028.741 2.04563996302
324924.175294 653.0 0.0 2025.611 1.99135890391
334584.070359 663.0 0.0 2022.481 1.94534738552
344274.95232 673.0 0.0 2019.351 1.90671256369
353997.328236 683.0 0.0 2016.221 1.87461349905
363751.721567 693.0 0.0 2013.091 1.84826115705
373538.671759 703.0 0.0 2009.961 1.82691840792
383358.733843 713.0 0.0 2006.831 1.80990002671
393212.478091 723.0 0.0 2003.701 1.79657269326
403100.489676 733.0 0.0 2000.571 1.7863549922
413023.368379 743.0 0.0 1997.441 1.77871741297
422981.728309 753.0 0.0 1994.311 1.77318234983
432976.197648 763.0 0.0 1991.181 1.7693241018
443007.418414 773.0 0.0 1988.051 1.76676887272
453076.046245 783.0 0.0 1984.921 1.76519477124
463182.750197 793.0 0.0 1981.791 1.7643318108
473328.212559 803.0 0.0 1978.661 1.76396190964
483513.128681 813.0 0.0 1975.531 1.76391889079
493738.20681 823.0 0.0 1972.401 1.76408848209
504004.167948 833.0 0.0 1969.271 1.76440831619
514311.745709 843.0 0.0 1966.141 1.76486793053
524661.686196 853.0 0.0 1963.011 1.76550876734
535054.747875 863.0 0.0 1959.881 1.76642417367
545491.701472 873.0 0.0 1956.751 1.76775940136
555973.329863 883.0 0.0 1953.621 1.76971160704
566500.427982 893.0 0.0 1950.491 1.77252985216
577073.802728 903.0 0.0 1947.361 1.77651510295
587694.272883 913.0 0.0 1944.231 1.78202023046
598362.669032 923.0 0.0 1941.101 1.78945001053
609079.833489 933.0 0.0 1937.971 1.79926112379
619846.62023 943.0 0.0 1934.841 1.81196215569
630663.894828 953.0 0.0 1931.711 1.8284
641532.534389 963.0 0.0 1928.581 1.8284
652453.4275 973.0 0.0 1925.451 1.8284
663427.474174 983.0 0.0 1922.321 1.8284
674455.585798 993.0 0.0 1919.191 1.8284
685538.685089 1003.0 0.0 1916.061 1.8284
696677.706045 1013.0 0.0 1912.931 1.8284
707873.59391 1023.0 0.0 1909.801 1.8284
719127.305129 1033.0 0.0 1906.671 1.8284
730439.807312 1043.0 0.0 1903.541 1.8284
741812.079201 1053.0 0.0 1900.411 1.8284
753245.110636 1063.0 0.0 1897.281 1.8284
764520.0 1073.0 0.0 1894.151 1.8284
812759.05 1073.0 0.1 1853.05946315 1.72770519479
860998.1 1073.0 0.2 1813.7129421 1.64116042184
909237.15 1073.0 0.3 1776.00259081 1.56597886091
957476.2 1073.0 0.4 1739.82843127 1.50006041999
1005715.25 1073.0 0.5 1705.0984684 1.44179248093
1053954.3 1073.0 0.6 1671.72790889 1.38991621635
1102193.35 1073.0 0.7 1639.63846998 1.34343461211
1150432.4 1073.0 0.8 1608.75776637 1.30154776599
1198671.45 1073.0 0.9 1579.01876514 1.26360647004
1246910.5 1073.0 1.0 1550.3593 1.22907832
1258937.60043 1083.0 1.0 1545.6003 1.23157672
1270925.40567 1093.0 1.0 1540.8413 1.23407512
1282877.78324 1103.0 1.0 1536.0823 1.23657352
1294796.66924 1113.0 1.0 1531.3233 1.23907192
1306683.90736 1123.0 1.0 1526.5643 1.24157032
1318541.25319 1133.0 1.0 1521.8053 1.24406872
1330370.37835 1143.0 1.0 1517.0463 1.24656712
1342172.87439 1153.0 1.0 1512.2873 1.24906552
1353950.25651 1163.0 1.0 1507.5283 1.25156392
1365703.96703 1173.0 1.0 1502.7693 1.25406232
1377435.3788 1183.0 1.0 1498.0103 1.25656072
1389145.79827 1193.0 1.0 1493.2513 1.25905912
1400836.4686 1203.0 1.0 1488.4923 1.26155752
1412508.57243 1213.0 1.0 1483.7333 1.26405592
1424163.23466 1223.0 1.0 1478.9743 1.26655432
1435801.52503 1233.0 1.0 1474.2153 1.26905272
1447424.46055 1243.0 1.0 1469.4563 1.27155112
1459033.00787 1253.0 1.0 1464.6973 1.27404952
1470628.08553 1263.0 1.0 1459.9383 1.27654792
1482210.56604 1273.0 1.0 1455.1793 1.27904632
1493781.27796 1283.0 1.0 1450.4203 1.28154472
1505341.0078 1293.0 1.0 1445.6613 1.28404312
1516890.50188 1303.0 1.0 1440.9023 1.28654152
1528430.46809 1313.0 1.0 1436.1433 1.28903992
1539961.57755 1323.0 1.0 1431.3843 1.29153832
1551484.46627 1333.0 1.0 1426.6253 1.29403672
1562999.73661 1343.0 1.0 1421.8663 1.29653512
1574507.95882 1353.0 1.0 1417.1073 1.29903352
1586009.67239 1363.0 1.0 1412.3483 1.30153192
1597505.3874 1373.0 1.0 1407.5893 1.30403032
1608995.58581 1383.0 1.0 1402.8303 1.30652872
1620480.72268 1393.0 1.0 1398.0713 1.30902712
1631961.22738 1403.0 1.0 1393.3123 1.31152552
1643437.50464 1413.0 1.0 1388.5533 1.31402392
1654909.93569 1423.0 1.0 1383.7943 1.31652232
1666378.87928 1433.0 1.0 1379.0353 1.31902072
1677844.67264 1443.0 1.0 1374.2763 1.32151912
1689307.63248 1453.0 1.0 1369.5173 1.32401752
1700768.05583 1463.0 1.0 1364.7583 1.32651592
1712226.22097 1473.0 1.0 1359.9993 1.32901432
1723682.38826 1483.0 1.0 1355.2403 1.33151272
1735136.80091 1493.0 1.0 1350.4813 1.33401112
1746589.68577 1503.0 1.0 1345.7223 1.33650952
1758041.2541 1513.0 1.0 1340.9633 1.33900792
1769491.70223 1523.0 1.0 1336.2043 1.34150632
1780941.21227 1533.0 1.0 1331.4453 1.34400472
1792389.95277 1543.0 1.0 1326.6863 1.34650312
1803838.07934 1553.0 1.0 1321.9273 1.34900152
1815285.73528 1563.0 1.0 1317.1683 1.35149992
1826733.05212 1573.0 1.0 1312.4093 1.35399832
1838180.15024 1583.0 1.0 1307.6503 1.35649672
1849627.13936 1593.0 1.0 1302.8913 1.35899512
1861074.1191 1603.0 1.0 1298.1323 1.36149352
1872521.17944 1613.0 1.0 1293.3733 1.36399192
1883968.40124 1623.0 1.0 1288.6143 1.36649032
1895415.85669 1633.0 1.0 1283.8553 1.36898872
1906863.60975 1643.0 1.0 1279.0963 1.37148712
1918311.71661 1653.0 1.0 1274.3373 1.37398552
1929760.22607 1663.0 1.0 1269.5783 1.37648392
1941209.17996 1673.0 1.0 1264.8193 1.37898232
1952658.61353 1683.0 1.0 1260.0603 1.38148072
1964108.55582 1693.0 1.0 1255.3013 1.38397912
1975559.03001 1703.0 1.0 1250.5423 1.38647752
1987010.05377 1713.0 1.0 1245.7833 1.38897592
1998461.63963 1723.0 1.0 1241.0243 1.39147432
2009913.79525 1733.0 1.0 1236.2653 1.39397272
2021366.52376 1743.0 1.0 1231.5063 1.39647112
2032819.82406 1753.0 1.0 1226.7473 1.39896952
2044273.69113 1763.0 1.0 1221.9883 1.40146792
2055728.11627 1773.0 1.0 1217.2293 1.40396632
