#1
float table_1D_1(22,6) #h(J/kg), T(K), cp(J/kgK), mu (Pas), k(W/mK), rho(kg/m3)
503167.0 673.15 1282.661 0.0002771840 69.47130 857.7316
528775.6 693.15 1278.250 0.0002675282 68.37259 853.1361
554299.2 713.15 1274.164 0.0002586400 67.29835 848.5273
579744.3 733.15 1270.406 0.0002504326 66.24803 843.9050
605117.7 753.15 1266.980 0.0002428316 65.22106 839.2690
630425.8 773.15 1263.888 0.0002357730 64.21686 834.6191
655675.4 793.15 1261.133 0.0002292011 63.23487 829.9549
680873.4 813.15 1258.715 0.0002230678 62.27451 825.2763
706026.3 833.15 1256.637 0.0002173307 61.33523 820.5830
731141.1 853.15 1254.901 0.0002119527 60.41645 815.8747
756224.6 873.15 1253.507 0.0002069013 59.51760 811.1512
781283.7 893.15 1252.458 0.0002021475 58.63811 806.4121
806325.2 913.15 1251.753 0.0001976657 57.77743 801.6572
831356.1 933.15 1251.395 0.0001934332 56.93497 796.8862
856383.3 953.15 1251.383 0.0001894296 56.11017 792.0988
881413.8 973.15 1251.719 0.0001856368 55.30247 787.2946
906454.4 993.15 1252.403 0.0001820383 54.51128 782.4733
931512.2 1013.15 1253.436 0.0001786195 53.73606 777.6347
956594.2 1033.15 1254.819 0.0001753671 52.97621 772.7782
981707.3 1053.15 1256.551 0.0001722690 52.23119 767.9037
1006858.6 1073.15 1258.634 0.0001693144 51.50041 763.0106
1032055.0 1093.15 1261.068 0.0001664934 50.78332 758.0986
