#1
float table_1D_1(41,6) #h(J/kg), T(K), cp(J/kgK), mu (Pas), k(W/mK), rho(kg/m3)
503167.0 673.15 1282.661 0.0002771840 69.47130 857.7316
515982.3 683.15 1280.415 0.0002722542 68.91885 855.4355
528775.6 693.15 1278.250 0.0002675282 68.37259 853.1361
541547.6 703.15 1276.166 0.0002629939 67.83245 850.8334
554299.2 713.15 1274.164 0.0002586400 67.29835 848.5273
567031.2 723.15 1272.244 0.0002544561 66.77024 846.2179
579744.3 733.15 1270.406 0.0002504326 66.24803 843.9050
592439.6 743.15 1268.652 0.0002465605 65.73166 841.5888
605117.7 753.15 1266.980 0.0002428316 65.22106 839.2690
617779.5 763.15 1265.393 0.0002392381 64.71615 836.9458
630425.8 773.15 1263.888 0.0002357730 64.21686 834.6191
643057.5 783.15 1262.468 0.0002324294 63.72312 832.2888
655675.4 793.15 1261.133 0.0002292011 63.23487 829.9549
668280.4 803.15 1259.881 0.0002260824 62.75202 827.6174
680873.4 813.15 1258.715 0.0002230678 62.27451 825.2763
693455.0 823.15 1257.634 0.0002201521 61.80227 822.9315
706026.3 833.15 1256.637 0.0002173307 61.33523 820.5830
718588.1 843.15 1255.726 0.0002145989 60.87331 818.2307
731141.1 853.15 1254.901 0.0002119527 60.41645 815.8747
743686.4 863.15 1254.161 0.0002093881 59.96457 813.5149
756224.6 873.15 1253.507 0.0002069013 59.51760 811.1512
768756.8 883.15 1252.939 0.0002044888 59.07547 808.7836
781283.7 893.15 1252.458 0.0002021475 58.63811 806.4121
793806.2 903.15 1252.062 0.0001998741 58.20546 804.0366
806325.2 913.15 1251.753 0.0001976657 57.77743 801.6572
818841.6 923.15 1251.531 0.0001955196 57.35396 799.2737
831356.1 933.15 1251.395 0.0001934332 56.93497 796.8862
843869.8 943.15 1251.345 0.0001914040 56.52040 794.4946
856383.3 953.15 1251.383 0.0001894296 56.11017 792.0988
868897.7 963.15 1251.507 0.0001875079 55.70422 789.6988
881413.8 973.15 1251.719 0.0001856368 55.30247 787.2946
893932.4 983.15 1252.017 0.0001838142 54.90485 784.8861
906454.4 993.15 1252.403 0.0001820383 54.51128 782.4733
918980.7 1003.15 1252.876 0.0001803073 54.12171 780.0562
931512.2 1013.15 1253.436 0.0001786195 53.73606 777.6347
944049.7 1023.15 1254.084 0.0001769733 53.35425 775.2087
956594.2 1033.15 1254.819 0.0001753671 52.97621 772.7782
969146.4 1043.15 1255.641 0.0001737994 52.60188 770.3432
981707.3 1053.15 1256.551 0.0001722690 52.23119 767.9037
994277.7 1063.15 1257.549 0.0001707744 51.86406 765.4595
1006858.6 1073.15 1258.634 0.0001693144 51.50041 763.0106
