#1
float table_1D_1(148,10) #T(K), p(Pa), h_l(J/kg), h_v(J/kg), mu_l(Pas), mu_v(Pas), k_l(W/mK), k_v(W/mK), rho_l(kg/m3), rho_v(kg/m3)
303.15 0.000000008505 7052.2 4588153.19426558 0.0010432010 0.0000110588 94.91385 -0.0113492405 940.594 0.00000000000007650
313.15 0.00000003170 21129.1 4595010.19184667 0.0009712143 0.0000111433 94.08237 -0.0097832859 938.403 0.0000000000002764
323.15 0.0000001089 35168.7 4601811.54529649 0.0009078500 0.0000112316 93.25971 -0.0082448713 936.210 0.0000000000009208
333.15 0.0000003470 49170.0 4608556.24535957 0.0008517506 0.0000113233 92.44580 -0.0067337471 934.014 0.000000000002851
343.15 0.000001033 63132.4 4615243.48578807 0.0008018165 0.0000114186 91.64057 -0.0052496634 931.816 0.000000000008252
353.15 0.000002892 77055.4 4621872.63431542 0.0007571494 0.0000115173 90.84395 -0.0037923705 929.615 0.00000000002247
363.15 0.000007645 90938.6 4628443.20841996 0.0007170098 0.0000116194 90.05586 -0.0023616188 927.412 0.00000000005783
373.15 0.000019176 104782.0 4634954.85497983 0.0006807845 0.0000117247 89.27623 -0.0009571585 925.206 0.0000000001413
383.15 0.000045831 118585.3 4641407.33310818 0.0006479616 0.0000118332 88.50500 0.0004212601 922.998 0.0000000003294
393.15 0.000104755 132348.6 4647800.49960218 0.0006181110 0.0000119448 87.74210 0.0017738867 920.787 0.0000000007347
403.15 0.000229747 146072.0 4654134.29655186 0.0005908692 0.0000120594 86.98744 0.003100971 918.573 0.000000001573
413.15 0.000484942 159755.6 4660408.74074276 0.0005659272 0.0000121770 86.24097 0.0044027628 916.357 0.000000003245
423.15 0.000987827 173399.8 4666623.91455541 0.0005430213 0.0000122975 85.50260 0.0056795118 914.138 0.000000006461
433.15 0.001946676 187004.8 4672779.95811971 0.0005219246 0.0000124208 84.77228 0.0069314677 911.916 0.00000001245
443.15 0.003719670 200570.9 4678877.06252565 0.0005024419 0.0000125468 84.04992 0.0081588802 909.691 0.00000002329
453.15 0.006905620 214098.6 4684915.46392726 0.0004844038 0.0000126755 83.33545 0.0093619991 907.464 0.00000004234
463.15 0.012479617 227588.3 4690895.43840447 0.0004676630 0.0000128068 82.62882 0.010541074 905.234 0.0000000750
473.15 0.021990946 241040.5 4696817.29747066 0.0004520907 0.0000129406 81.92994 0.0116963547 903.002 0.0000001295
483.15 0.037845379 254455.8 4702681.38413218 0.0004375744 0.0000130769 81.23874 0.0128280909 900.766 0.0000002185
493.15 0.063699335 267834.5 4708488.0694214 0.0004240146 0.0000132156 80.55515 0.0139365323 898.528 0.0000003608
503.15 0.104999422 281177.5 4714237.74933707 0.0004113238 0.0000133566 79.87911 0.0150219287 896.287 0.0000005837
513.15 0.169707380 294485.1 4719930.84213652 0.0003994245 0.0000134999 79.21053 0.0160845297 894.043 0.0000009262
523.15 0.269257301 307758.1 4725567.78593222 0.0003882477 0.0000136453 78.54935 0.0171245852 891.796 0.0000014434
533.15 0.419799010 320997.1 4731149.03655271 0.0003777320 0.0000137929 77.89551 0.0181423447 889.546 0.0000022112
543.15 0.643788493 334202.8 4736675.06563366 0.0003678227 0.0000139426 77.24892 0.019138058 887.293 0.0000033331
553.15 0.971992992 347375.7 4742146.35890963 0.0003584705 0.0000140942 76.60951 0.0201119749 885.038 0.0000049481
563.15 1.44598459 360516.7 4747563.41468163 0.0003496314 0.0000142478 75.97722 0.021064345 882.779 0.0000072403
573.15 2.12120158 373626.5 4752926.74243861 0.0003412655 0.0000144033 75.35198 0.0219954181 880.517 0.0000104505
583.15 3.07066152 386705.7 4758236.86161437 0.0003333372 0.0000145606 74.73370 0.022905444 878.253 0.0000148895
593.15 4.38941301 399755.0 4763494.30046366 0.0003258140 0.0000147196 74.12233 0.0237946722 875.985 0.0000209547
603.15 6.19981540 412775.3 4768699.59504346 0.0003186664 0.0000148803 73.51779 0.0246633526 873.714 0.0000291479
613.15 8.65773602 425767.2 4773853.2882873 0.0003118678 0.0000150427 72.92001 0.0255117348 871.441 0.0000400968
623.15 11.9597532 438731.6 4778955.92916181 0.0003053940 0.0000152067 72.32892 0.0263400687 869.164 0.0000545787
633.15 16.3514509 451669.2 4784008.07189648 0.0002992228 0.0000153721 71.74444 0.0271486038 866.884 0.0000735475
643.15 22.1368854 464580.7 4789010.27527816 0.0002933339 0.0000155391 71.16652 0.02793759 864.600 0.0000981639
653.15 29.6892994 477467.0 4793963.10200344 0.0002877089 0.0000157074 70.59506 0.0287072769 862.314 0.0001298278
663.15 39.4631504 490328.9 4798867.11808231 0.0002823308 0.0000158771 70.03001 0.0294579142 860.024 0.0001702148
673.15 52.0075095 503167.0 4803722.89228786 0.0002771840 0.0000160482 69.47130 0.0301897518 857.732 0.0002213157
683.15 67.9808796 515982.3 4808530.99564678 0.0002722542 0.0000162204 68.91885 0.0309030392 855.435 0.0002854784
693.15 88.1674659 528775.6 4813292.00096661 0.0002675282 0.0000163939 68.37259 0.0315980263 853.136 0.0003654536
703.15 113.494921 541547.6 4818006.48239553 0.0002629939 0.0000165685 67.83245 0.0322749627 850.833 0.0004644427
713.15 145.053575 554299.2 4822675.01501166 0.0002586400 0.0000167442 67.29835 0.0329340981 848.527 0.0005861489
723.15 184.117138 567031.2 4827298.17443837 0.0002544561 0.0000169210 66.77024 0.0335756824 846.218 0.0007348302
733.15 232.164864 579744.3 4831876.53648317 0.0002504326 0.0000170987 66.24803 0.0341999651 843.905 0.0009153554
743.15 290.905133 592439.6 4836410.67679758 0.0002465605 0.0000172774 65.73166 0.0348071961 841.589 0.0011332614
753.15 362.300403 605117.7 4840901.17055582 0.0002428316 0.0000174570 65.22106 0.035397625 839.269 0.0013948127
763.15 448.593469 617779.5 4845348.59215028 0.0002392381 0.0000176375 64.71615 0.0359715016 836.946 0.0017070617
773.15 552.334954 630425.8 4849753.51490204 0.0002357730 0.0000178187 64.21686 0.0365290755 834.619 0.0020779109
783.15 676.411932 643057.5 4854116.51078484 0.0002324294 0.0000180008 63.72312 0.0370705966 832.289 0.0025161747
793.15 824.077593 655675.4 4858438.15016094 0.0002292011 0.0000181835 63.23487 0.0375963145 829.955 0.0030316427
803.15 998.981824 668280.4 4862719.00152766 0.0002260824 0.0000183670 62.75202 0.0381064789 827.617 0.0036351421
813.15 1205.2025865 680873.4 4866959.63127328 0.0002230678 0.0000185510 62.27451 0.0386013396 825.276 0.0043385998
823.15 1447.2779698 693455.0 4871160.60344128 0.0002201521 0.0000187357 61.80227 0.0390811463 822.932 0.0051551044
833.15 1730.2387566 706026.3 4875322.4795019 0.0002173307 0.0000189209 61.33523 0.0395461486 820.583 0.0060989662
843.15 2059.6413779 718588.1 4879445.81813006 0.0002145989 0.0000191067 60.87331 0.0399965964 818.231 0.0071857765
853.15 2441.6010951 731141.1 4883531.1749888 0.0002119527 0.0000192929 60.41645 0.0404327393 815.875 0.0084324642
863.15 2882.8252594 743686.4 4887579.10251749 0.0002093881 0.0000194795 59.96457 0.0408548271 813.515 0.0098573511
873.15 3390.6464934 756224.6 4891590.14972404 0.0002069013 0.0000196666 59.51760 0.0412631095 811.151 0.0114802045
883.15 3973.0556386 768756.8 4895564.86198044 0.0002044888 0.0000198540 59.07547 0.0416578362 808.784 0.0133222867
893.15 4638.7343155 781283.7 4899503.78082108 0.0002021475 0.0000200417 58.63811 0.0420392569 806.412 0.0154064016
903.15 5397.0869412 793806.2 4903407.44374312 0.0001998741 0.0000202297 58.20546 0.0424076213 804.037 0.0177569389
913.15 6258.2720579 806325.2 4907276.38400851 0.0001976657 0.0000204180 57.77743 0.0427631792 801.657 0.0203999136
923.15 7233.2328249 818841.6 4911111.13044701 0.0001955196 0.0000206065 57.35396 0.0431061803 799.274 0.0233630025
933.15 8333.7265344 831356.1 4914912.2072598 0.0001934332 0.0000207952 56.93497 0.0434368743 796.886 0.0266755770
943.15 9572.3530185 843869.8 4918680.13382325 0.0001914040 0.0000209840 56.52040 0.0437555109 794.495 0.0303687319
953.15 10962.581819 856383.3 4922415.42449222 0.0001894296 0.0000211730 56.11017 0.0440623399 792.099 0.0344753095
963.15 12518.777999 868897.7 4926118.58840276 0.0001875079 0.0000213620 55.70422 0.0443576109 789.699 0.0390299209
973.15 14256.226494 881413.8 4929790.12927344 0.0001856368 0.0000215512 55.30247 0.0446415737 787.295 0.0440689619
983.15 16191.154881 893932.4 4933430.54520528 0.0001838142 0.0000217403 54.90485 0.044914478 784.886 0.0496306251
993.15 18340.754500 906454.4 4937040.3284796 0.0001820383 0.0000219295 54.51128 0.0451765735 782.473 0.0557549081
1003.15 20723.199810 918980.7 4940619.96535358 0.0001803073 0.0000221186 54.12171 0.0454281099 780.056 0.0624836172
1013.15 23357.665939 931512.2 4944169.93585311 0.0001786195 0.0000223077 53.73606 0.045669337 777.635 0.0698603667
1023.15 26264.344337 944049.7 4947690.71356255 0.0001769733 0.0000224968 53.35425 0.0459005045 775.209 0.0779305752
1033.15 29464.456491 956594.2 4951182.76541108 0.0001753671 0.0000226857 52.97621 0.0461218622 772.778 0.0867414561
1043.15 32980.265647 969146.4 4954646.55145524 0.0001737994 0.0000228745 52.60188 0.0463336596 770.343 0.0963420060
1053.15 36835.086513 981707.3 4958082.52465734 0.0001722690 0.0000230632 52.23119 0.0465361465 767.904 0.1067829884
1063.15 41053.292913 994277.7 4961491.13065941 0.0001707744 0.0000232517 51.86406 0.0467295728 765.459 0.1181169138
1073.15 45660.323365 1006858.6 4964872.80755217 0.0001693144 0.0000234401 51.50041 0.046914188 763.011 0.1303980163
1083.15 50682.684588 1019450.7 4968227.98563893 0.0001678878 0.0000236282 51.14019 0.0470902419 760.557 0.1436822273
1093.15 56147.952933 1032055.0 4971557.08719374 0.0001664934 0.0000238161 50.78332 0.0472579842 758.099 0.1580271455
1103.15 62084.773740 1044672.4 4974860.52621377 0.0001651301 0.0000240037 50.42973 0.0474176647 755.635 0.1734920041
1113.15 68522.858653 1057303.6 4978138.70816514 0.0001637969 0.0000241911 50.07934 0.047569533 753.167 0.1901376352
1123.15 75492.980891 1069949.7 4981392.02972216 0.0001624928 0.0000243782 49.73209 0.047713839 750.694 0.2080264317
1133.15 83026.968534 1082611.5 4984620.87849941 0.0001612168 0.0000245649 49.38790 0.0478508322 748.216 0.2272223068
1143.15 91157.695841 1095289.8 4987825.63277624 0.0001599680 0.0000247514 49.04671 0.0479807624 745.733 0.2477906508
1153.15 99919.072648 1107985.6 4991006.66121335 0.0001587455 0.0000249376 48.70844 0.0481038794 743.245 0.2697982866
1163.15 109346.03190 1120699.7 4994164.32256098 0.0001575485 0.0000251234 48.37302 0.0482204329 740.752 0.2933134232
1173.15 119474.51537 1133433.0 4997298.96535819 0.0001563761 0.0000253088 48.04039 0.0483306725 738.253 0.3184056069
1183.15 130341.45760 1146186.4 5000410.92762293 0.0001552277 0.0000254938 47.71046 0.048434848 735.750 0.3451456724
1193.15 141984.76816 1158960.8 5003500.53653221 0.0001541024 0.0000256785 47.38317 0.0485332092 733.241 0.3736056917
1203.15 154443.31231 1171757.0 5006568.10809202 0.0001529995 0.0000258628 47.05845 0.0486260057 730.726 0.4038589226
1213.15 167756.89003 1184576.0 5009613.94679642 0.0001519184 0.0000260467 46.73623 0.0487134872 728.206 0.4359797559
1223.15 181966.21361 1197418.6 5012638.34527525 0.0001508584 0.0000262301 46.41643 0.0487959036 725.681 0.4700436624
1233.15 197112.88383 1210285.6 5015641.58392989 0.0001498189 0.0000264132 46.09898 0.0488735044 723.150 0.50612714
1243.15 213239.36477 1223178.1 5018623.93055646 0.0001487993 0.0000265958 45.78382 0.0489465395 720.613 0.5443076593
1253.15 230388.95740 1236096.8 5021585.6399559 0.0001477989 0.0000267779 45.47087 0.0490152585 718.071 0.5846636105
1263.15 248605.77195 1249042.6 5024526.95353016 0.0001468173 0.0000269596 45.16007 0.0490799111 715.523 0.6272742501
1273.15 267934.69920 1262016.5 5027448.09886391 0.0001458539 0.0000271409 44.85133 0.0491407472 712.969 0.6722196474
1283.15 288421.38077 1275019.3 5030349.289291 0.0001449082 0.0000273217 44.54459 0.0491980163 710.409 0.7195806323
1293.15 310112.17840 1288051.9 5033230.72344494 0.0001439796 0.0000275021 44.23978 0.0492519683 707.843 0.7694387433
1303.15 333054.14248 1301115.2 5036092.58479255 0.0001430678 0.0000276819 43.93683 0.0493028528 705.271 0.8218761769
1313.15 357294.97969 1314210.1 5038935.04115004 0.0001421722 0.0000278613 43.63567 0.0493509196 702.693 0.8769757372
1323.15 382883.01999 1327337.4 5041758.24418044 0.0001412924 0.0000280403 43.33621 0.0493964183 700.109 0.9348207873
1333.15 409867.18301 1340498.0 5044562.32887174 0.0001404280 0.0000282188 43.03841 0.0494395988 697.518 0.995495202
1343.15 438296.94385 1353692.9 5047347.41299442 0.0001395785 0.0000283968 42.74217 0.0494807107 694.921 1.059083322
1353.15 468222.29846 1366922.8 5050113.59653764 0.0001387436 0.0000285743 42.44744 0.0495200037 692.317 1.125669908
1363.15 499693.72852 1380188.8 5052860.96112273 0.0001379228 0.0000287514 42.15414 0.0495577276 689.707 1.195340099
1373.15 532762.16616 1393491.7 5055589.56939302 0.0001371159 0.0000289280 41.86220 0.049594132 687.091 1.268179373
1383.15 567478.95827 1406832.3 5058299.46437862 0.0001363224 0.0000291041 41.57154 0.0496294668 684.467 1.344273506
1393.15 603895.83072 1420211.5 5060990.668835 0.0001355420 0.0000292798 41.28211 0.0496639816 681.837 1.423708533
1403.15 642064.85245 1433630.3 5063663.18455384 0.0001347744 0.0000294550 40.99382 0.0496979261 679.200 1.506570718
1413.15 682038.39943 1447089.5 5066316.99164478 0.0001340192 0.0000296298 40.70661 0.0497315501 676.556 1.592946519
1423.15 723869.11875 1460590.1 5068952.04778652 0.0001332762 0.0000298041 40.42040 0.0497651033 673.905 1.682922556
1433.15 767609.89268 1474132.8 5071568.28744558 0.0001325449 0.0000299781 40.13512 0.0497988354 671.246 1.776585588
1443.15 813313.80289 1487718.6 5074165.62106099 0.0001318253 0.0000301515 39.85071 0.0498329961 668.581 1.874022482
1453.15 861034.09486 1501348.3 5076743.93419302 0.0001311169 0.0000303246 39.56709 0.0498678351 665.907 1.975320197
1463.15 910824.14248 1515023.0 5079303.08663409 0.0001304194 0.0000304973 39.28419 0.0499036022 663.227 2.080565759
1473.15 962737.41298 1528743.3 5081842.91147958 0.0001297327 0.0000306695 39.00193 0.0499405471 660.539 2.189846246
1483.15 1016827.4322 1542510.3 5084363.21415643 0.0001290565 0.0000308414 38.72026 0.0499789195 657.843 2.303248774
1493.15 1073147.7500 1556324.8 5086863.77140708 0.0001283904 0.0000310129 38.43909 0.0500189691 655.139 2.420860488
1503.15 1131751.9066 1570187.7 5089344.33022628 0.0001277344 0.0000311840 38.15836 0.0500609456 652.427 2.542768550
1513.15 1192693.3988 1584099.9 5091804.60674793 0.0001270881 0.0000313548 37.87800 0.0501050988 649.707 2.669060138
1523.15 1256025.6471 1598062.3 5094244.28507917 0.0001264513 0.0000315253 37.59792 0.0501516784 646.979 2.799822445
1533.15 1321801.9629 1612075.7 5096663.01607851 0.0001258238 0.0000316954 37.31808 0.0502009341 644.243 2.935142677
1543.15 1390075.5171 1626141.1 5099060.41607488 0.0001252054 0.0000318653 37.03838 0.0502531156 641.498 3.075108064
1553.15 1460899.3080 1640259.4 5101436.06552378 0.0001245959 0.0000320348 36.75876 0.0503084727 638.745 3.219805864
1563.15 1534326.1311 1654431.3 5103789.50759694 0.0001239951 0.0000322041 36.47916 0.050367255 635.983 3.369323381
1573.15 1610408.5490 1668657.9 5106120.24670142 0.0001234028 0.0000323732 36.19949 0.0504297123 633.212 3.523747979
1583.15 1689198.8614 1682940.0 5108427.74692368 0.0001228188 0.0000325420 35.91969 0.0504960943 630.432 3.683167101
1593.15 1770749.0770 1697278.5 5110711.43039399 0.0001222429 0.0000327106 35.63968 0.0505666508 627.642 3.847668301
1603.15 1855110.8850 1711674.2 5112970.67556625 0.0001216750 0.0000328790 35.35941 0.0506416313 624.844 4.017339263
1613.15 1942335.6278 1726128.1 5115204.81540764 0.0001211148 0.0000330472 35.07878 0.0507212857 622.036 4.192267844
1623.15 2032474.2746 1740641.1 5117413.1354925 0.0001205622 0.0000332153 34.79774 0.0508058638 619.219 4.372542107
1633.15 2125577.3953 1755214.0 5119594.87199403 0.0001200171 0.0000333833 34.51622 0.0508956151 616.391 4.558250364
1643.15 2221695.1357 1769847.8 5121749.20956716 0.0001194793 0.0000335511 34.23413 0.0509907894 613.554 4.749481226
1653.15 2320877.1928 1784543.2 5123875.27911532 0.0001189487 0.0000337189 33.95141 0.0510916365 610.707 4.946323655
1663.15 2423172.7913 1799301.3 5125972.15543326 0.0001184250 0.0000338867 33.66800 0.051198406 607.849 5.148867021
1673.15 2528630.6612 1814122.9 5128038.85471748 0.0001179082 0.0000340544 33.38381 0.0513113477 604.981 5.357201168
1683.15 2637299.0153 1829008.8 5130074.33193511 0.0001173980 0.0000342221 33.09878 0.0514307114 602.102 5.571416483
1693.15 2749225.5283 1843960.1 5132077.47804139 0.0001168945 0.0000343899 32.81283 0.0515567466 599.212 5.791603972
1703.15 2864457.3165 1858977.5 5134047.11703493 0.0001163974 0.0000345577 32.52590 0.0516897032 596.312 6.017855344
1713.15 2983040.9176 1874061.9 5135982.00283926 0.0001159065 0.0000347257 32.23791 0.0518298308 593.399 6.250263096
1723.15 3105022.2727 1889214.3 5137880.81599798 0.0001154219 0.0000348937 31.94880 0.0519773793 590.476 6.488920615
1733.15 3230446.7076 1904435.5 5139742.16016982 0.0001149434 0.0000350619 31.65849 0.0521325982 587.541 6.733922281
1743.15 3359358.9158 1919726.4 5141564.55840873 0.0001144707 0.0000352303 31.36691 0.0522957373 584.593 6.985363577
1753.15 3491802.9420 1935088.0 5143346.44921279 0.0001140039 0.0000353989 31.07399 0.0524670464 581.634 7.243341213
1763.15 3627822.1667 1950521.0 5145086.18232428 0.0001135429 0.0000355677 30.77965 0.0526467752 578.662 7.507953253
1773.15 3767459.2906 1966026.4 5146782.0142616 0.0001130874 0.0000357369 30.48384 0.0528351733 575.677 7.779299263

