#1
float table_1D_1(40,6) #h(J/kg), T(K), cp(J/kgK), mu (Pas), k(W/mK), rho(kg/m3)
-42500.0 270.15 1490.0 2.0500000 0.1180 1023.00
-38500.0 273.15 1490.0 1.3200000 0.1183 1021.00
-23300.0 283.15 1530.0 0.3440000 0.1179 1015.00
-7900.0 293.15 1560.0 0.1230000 0.1176 1008.00
0.0 298.15 1580.0 0.0893000 0.1174 1005.00
7900.0 303.15 1600.0 0.0556000 0.1172 1002.00
24000.0 313.15 1630.0 0.0295000 0.1167 995.00
40500.0 323.15 1660.0 0.0176000 0.1163 989.00
57300.0 333.15 1700.0 0.0115000 0.1158 982.00
74500.0 343.15 1730.0 0.0080600 0.1152 975.00
92000.0 353.15 1770.0 0.0059300 0.1147 969.00
109900.0 363.15 1800.0 0.0045500 0.1141 962.00
128100.0 373.15 1840.0 0.0036000 0.1135 955.00
146600.0 383.15 1870.0 0.0029200 0.1128 948.00
165500.0 393.15 1910.0 0.0024200 0.1121 941.00
184800.0 403.15 1940.0 0.0020500 0.1114 934.00
204400.0 413.15 1980.0 0.0017500 0.1107 928.00
224300.0 423.15 2010.0 0.0015200 0.1099 921.00
244600.0 433.15 2050.0 0.0013300 0.1091 914.00
265300.0 443.15 2090.0 0.0011800 0.1083 907.00
286400.0 453.15 2120.0 0.0010600 0.1074 899.00
307800.0 463.15 2160.0 0.0009500 0.1065 892.00
329500.0 473.15 2190.0 0.0008600 0.1056 885.00
351600.0 483.15 2230.0 0.0007840 0.1046 878.00
374100.0 493.15 2270.0 0.0007180 0.1036 870.00
397000.0 503.15 2300.0 0.0006610 0.1026 863.00
420200.0 513.15 2340.0 0.0006110 0.1015 856.00
443800.0 523.15 2380.0 0.0005670 0.1004 848.00
467800.0 533.15 2420.0 0.0005290 0.0993 840.00
492200.0 543.15 2450.0 0.0004950 0.0982 832.00
516900.0 553.15 2490.0 0.0004640 0.0970 825.00
542000.0 563.15 2530.0 0.0004370 0.0958 817.00
567500.0 573.15 2570.0 0.0004130 0.0946 809.00
593400.0 583.15 2610.0 0.0003910 0.0933 800.00
619700.0 593.15 2650.0 0.0003710 0.0920 792.00
646300.0 603.15 2690.0 0.0003530 0.0906 783.00
673400.0 613.15 2730.0 0.0003360 0.0893 775.00
700900.0 623.15 2770.0 0.0003210 0.0879 766.00
728700.0 633.15 2810.0 0.0003080 0.0865 757.00
757000.0 643.15 2850.0 0.0002950 0.0850 748.00
