#1
float table_1D_1(198,5) #h(J/kg), T(K), liquid fraction, rho(kg/m3), k(W/mK)
728.831654558 300.00 0.00 7130.00 112.20
2673.7703302494 305.00 0.00 7130.00 112.20
4622.2331739189 310.00 0.00 7130.00 112.20
6574.2133705338 315.00 0.00 7130.00 112.20
8529.707355812 320.00 0.00 7130.00 112.20
10488.7145335158 325.00 0.00 7130.00 112.20
12451.2370184471 330.00 0.00 7130.00 112.20
14417.2794024568 335.00 0.00 7130.00 112.20
16386.8485411023 340.00 0.00 7130.00 112.20
18359.9533588542 345.00 0.00 7130.00 112.20
20336.6046710019 350.00 0.00 7130.00 112.20
22316.8150206073 355.00 0.00 7130.00 112.20
24300.5985290474 360.00 0.00 7130.00 112.20
26287.9707588401 365.00 0.00 7130.00 112.20
28278.9485875922 370.00 0.00 7130.00 112.20
30273.5500920326 375.00 0.00 7130.00 112.20
32271.7944411993 380.00 0.00 7130.00 112.20
34273.7017979505 385.00 0.00 7130.00 112.20
36279.2932280517 390.00 0.00 7130.00 112.20
38288.5906161669 395.00 0.00 7130.00 112.20
40301.6165881514 400.00 0.00 7130.00 112.20
42318.3944390997 405.00 0.00 7130.00 112.20
44338.9480666593 410.00 0.00 7130.00 112.20
46363.3019091642 415.00 0.00 7130.00 112.20
48391.4808881878 420.00 0.00 7130.00 112.20
50423.5103551512 425.00 0.00 7130.00 112.20
52459.4160416559 430.00 0.00 7130.00 112.20
54499.2240132424 435.00 0.00 7130.00 112.20
56542.9606263012 440.00 0.00 7130.00 112.20
58590.6524878889 445.00 0.00 7130.00 112.20
60642.3264182233 450.00 0.00 7130.00 112.20
62698.0094156511 455.00 0.00 7130.00 112.20
64757.7286239003 460.00 0.00 7130.00 112.20
66821.5113014459 465.00 0.00 7130.00 112.20
68889.3847928302 470.00 0.00 7130.00 112.20
70961.3765017948 475.00 0.00 7130.00 112.20
73037.5138660924 480.00 0.00 7130.00 112.20
75117.8243338552 485.00 0.00 7130.00 112.20
77202.335341412 490.00 0.00 7130.00 112.20
79291.0742924481 495.00 0.00 7130.00 112.20
81384.0685384165 500.00 0.00 7130.00 112.20
83481.3453601123 505.00 0.00 7130.00 112.20
85582.9319503319 510.00 0.00 7130.00 112.20
87688.8553975408 515.00 0.00 7130.00 112.20
89799.1426704849 520.00 0.00 7130.00 112.20
91913.8206036809 525.00 0.00 7130.00 112.20
94032.9158837275 530.00 0.00 7130.00 112.20
96156.4550363848 535.00 0.00 7130.00 112.20
98284.4644143712 540.00 0.00 7130.00 112.20
100416.970185832 545.00 0.00 7130.00 112.20
102553.998323437 550.00 0.00 7130.00 112.20
104695.574594068 555.00 0.00 7130.00 112.20
106841.724549058 560.00 0.00 7130.00 112.20
108992.473514947 565.00 0.00 7130.00 112.20
111147.846584731 570.00 0.00 7130.00 112.20
113307.868609557 575.00 0.00 7130.00 112.20
115472.564190859 580.00 0.00 7130.00 112.20
117641.957672887 585.00 0.00 7130.00 112.20
119816.073135622 590.00 0.00 7130.00 112.20
121994.934388049 595.00 0.00 7130.00 112.20
124178.564961762 600.00 0.00 7130.00 112.20
126366.988104888 605.00 0.00 7130.00 112.20
128560.226776312 610.00 0.00 7130.00 112.20
130758.303640178 615.00 0.00 7130.00 112.20
132961.241060666 620.00 0.00 7130.00 112.20
135169.061097007 625.00 0.00 7130.00 112.20
137381.785498745 630.00 0.00 7130.00 112.20
139599.435701222 635.00 0.00 7130.00 112.20
141822.032821267 640.00 0.00 7130.00 112.20
144049.597653097 645.00 0.00 7130.00 112.20
146282.150664396 650.00 0.00 7130.00 112.20
148519.711992581 655.00 0.00 7130.00 112.20
150762.301441236 660.00 0.00 7130.00 112.20
153009.938476705 665.00 0.00 7130.00 112.20
155262.64222484 670.00 0.00 7130.00 112.20
157520.431467891 675.00 0.00 7130.00 112.20
159783.324641537 680.00 0.00 7130.00 112.20
162051.339832041 685.00 0.00 7130.00 112.20
164324.494773535 690.00 0.00 7130.00 112.20
165567.812884176 692.73 0.00 7130.00 112.20
171168.295831292 692.73 0.05 7130.00 112.20
176768.778778409 692.73 0.10 7130.00 112.20
182369.261725525 692.73 0.15 7130.00 112.20
187969.744672642 692.73 0.20 7130.00 112.20
193570.227619758 692.73 0.25 7130.00 112.20
199170.710566874 692.73 0.30 7130.00 112.20
204771.193513991 692.73 0.35 7130.00 112.20
210371.676461107 692.73 0.40 7130.00 112.20
215972.159408224 692.73 0.45 7130.00 112.20
221572.64235534 692.73 0.50 7130.00 112.20
227173.125302457 692.73 0.55 7130.00 112.20
232773.608249573 692.73 0.60 7130.00 112.20
238374.09119669 692.73 0.65 7130.00 112.20
243974.574143806 692.73 0.70 7130.00 112.20
249575.057090923 692.73 0.75 7130.00 112.20
255175.540038039 692.73 0.80 7130.00 112.20
260776.022985155 692.73 0.85 7130.00 112.20
266376.505932272 692.73 0.90 7130.00 112.20
271976.988879388 692.73 0.95 7130.00 112.20
277577.471826505 692.73 1.00 7130.00 112.20
278666.989886913 695.00 1.00 7130.00 112.20
281066.809403231 700.00 1.00 7130.00 112.20
283466.628919549 705.00 1.00 7130.00 112.20
285866.448435867 710.00 1.00 7130.00 112.20
288266.267952185 715.00 1.00 7130.00 112.20
290666.087468502 720.00 1.00 7130.00 112.20
293065.906984819 725.00 1.00 7130.00 112.20
295465.726501136 730.00 1.00 7130.00 112.20
297865.546017453 735.00 1.00 7130.00 112.20
300265.365533769 740.00 1.00 7130.00 112.20
302665.185050085 745.00 1.00 7130.00 112.20
305065.004566401 750.00 1.00 7130.00 112.20
307464.824082717 755.00 1.00 7130.00 112.20
309864.643599033 760.00 1.00 7130.00 112.20
312264.463115348 765.00 1.00 7130.00 112.20
314664.282631663 770.00 1.00 7130.00 112.20
317064.102147978 775.00 1.00 7130.00 112.20
319463.921664293 780.00 1.00 7130.00 112.20
321863.741180607 785.00 1.00 7130.00 112.20
324263.560696922 790.00 1.00 7130.00 112.20
326663.380213236 795.00 1.00 7130.00 112.20
329063.199729549 800.00 1.00 7130.00 112.20
331463.019245863 805.00 1.00 7130.00 112.20
333862.838762177 810.00 1.00 7130.00 112.20
336262.65827849 815.00 1.00 7130.00 112.20
338662.477794803 820.00 1.00 7130.00 112.20
341062.297311116 825.00 1.00 7130.00 112.20
343462.116827429 830.00 1.00 7130.00 112.20
345861.936343741 835.00 1.00 7130.00 112.20
348261.755860054 840.00 1.00 7130.00 112.20
350661.575376366 845.00 1.00 7130.00 112.20
353061.394892678 850.00 1.00 7130.00 112.20
355461.21440899 855.00 1.00 7130.00 112.20
357861.033925301 860.00 1.00 7130.00 112.20
360260.853441613 865.00 1.00 7130.00 112.20
362660.672957924 870.00 1.00 7130.00 112.20
365060.492474235 875.00 1.00 7130.00 112.20
367460.311990547 880.00 1.00 7130.00 112.20
369860.131506857 885.00 1.00 7130.00 112.20
372259.951023168 890.00 1.00 7130.00 112.20
374659.770539479 895.00 1.00 7130.00 112.20
377059.590055789 900.00 1.00 7130.00 112.20
379459.4095721 905.00 1.00 7130.00 112.20
381859.22908841 910.00 1.00 7130.00 112.20
384259.04860472 915.00 1.00 7130.00 112.20
386658.86812103 920.00 1.00 7130.00 112.20
389058.68763734 925.00 1.00 7130.00 112.20
391458.50715365 930.00 1.00 7130.00 112.20
393858.326669959 935.00 1.00 7130.00 112.20
396258.146186269 940.00 1.00 7130.00 112.20
398657.965702578 945.00 1.00 7130.00 112.20
401057.785218888 950.00 1.00 7130.00 112.20
403457.604735197 955.00 1.00 7130.00 112.20
405857.424251506 960.00 1.00 7130.00 112.20
408257.243767815 965.00 1.00 7130.00 112.20
410657.063284124 970.00 1.00 7130.00 112.20
413056.882800433 975.00 1.00 7130.00 112.20
415456.702316742 980.00 1.00 7130.00 112.20
417856.521833051 985.00 1.00 7130.00 112.20
420256.34134936 990.00 1.00 7130.00 112.20
422656.160865668 995.00 1.00 7130.00 112.20
425055.980381977 1000.00 1.00 7130.00 112.20
427455.799898285 1005.00 1.00 7130.00 112.20
429855.619414594 1010.00 1.00 7130.00 112.20
432255.438930903 1015.00 1.00 7130.00 112.20
434655.258447211 1020.00 1.00 7130.00 112.20
437055.077963519 1025.00 1.00 7130.00 112.20
439454.897479828 1030.00 1.00 7130.00 112.20
441854.716996136 1035.00 1.00 7130.00 112.20
444254.536512445 1040.00 1.00 7130.00 112.20
446654.356028753 1045.00 1.00 7130.00 112.20
449054.175545062 1050.00 1.00 7130.00 112.20
451453.99506137 1055.00 1.00 7130.00 112.20
453853.814577678 1060.00 1.00 7130.00 112.20
456253.634093987 1065.00 1.00 7130.00 112.20
458653.453610295 1070.00 1.00 7130.00 112.20
461053.273126603 1075.00 1.00 7130.00 112.20
463453.092642912 1080.00 1.00 7130.00 112.20
465852.91215922 1085.00 1.00 7130.00 112.20
468252.731675528 1090.00 1.00 7130.00 112.20
470652.551191837 1095.00 1.00 7130.00 112.20
473052.370708145 1100.00 1.00 7130.00 112.20
475452.190224454 1105.00 1.00 7130.00 112.20
477852.009740762 1110.00 1.00 7130.00 112.20
480251.829257071 1115.00 1.00 7130.00 112.20
482651.64877338 1120.00 1.00 7130.00 112.20
485051.468289688 1125.00 1.00 7130.00 112.20
487451.287805997 1130.00 1.00 7130.00 112.20
489851.107322306 1135.00 1.00 7130.00 112.20
492250.926838614 1140.00 1.00 7130.00 112.20
494650.746354923 1145.00 1.00 7130.00 112.20
497050.565871232 1150.00 1.00 7130.00 112.20
499450.385387541 1155.00 1.00 7130.00 112.20
501850.20490385 1160.00 1.00 7130.00 112.20
504250.02442016 1165.00 1.00 7130.00 112.20
506649.843936469 1170.00 1.00 7130.00 112.20
509049.663452778 1175.00 1.00 7130.00 112.20
511449.482969087 1180.00 1.00 7130.00 112.20

