#--- Sun direction: 270 76.01 (4.44092e-17 0.241753 -0.970338)
7 2 1 100000 0
87477.2 0
75674.2 45.3445
0.995707 1.98611e-06
0.871055 0.871051
2715.01 45.3306
8711.66 1.11229
0 0
target_e 10 100   0 0   0 0   0 0   0 0   0 0   0 0   0 0   0 0   0 0   0 0   0 0   75674.2 45.3445   84082.5 50.3828   75674.2 45.3445   8408.25 5.03828   0 0   75674.2 45.3445   84082.5 50.3828   75674.2 45.3445   8408.25 5.03828   0 0   0.865073 0.000518358
virtual_target_e 2 40000   0 0   0 0   0 0   0 0   0 0   0 0   0 0   0 0   0 0   0 0   0 0   -1 -1   -1 -1   -1 -1   -1 -1   -1 -1   -1 -1   -1 -1   -1 -1   -1 -1   -1 -1   -1 -1
H_0.hst_0.pivot.reflect_surface 18 100.004 100000   0.995707 1.98611e-06   0.871055 0.871051
10 18   0 0   0 0   0 0   0 0   0 0   0 0   0 0   0 0   0 0   0 0   75674.2 45.3445   84082.5 50.3828   75674.2 45.3445   8408.25 5.03828   0 0   75674.2 45.3445   84082.5 50.3828   75674.2 45.3445   8408.25 5.03828   0 0
2 18   0 0   0 0   0 0   0 0   0 0   0 0   0 0   0 0   0 0   0 0   -1 -1   -1 -1   -1 -1   -1 -1   -1 -1   -1 -1   -1 -1   -1 -1   -1 -1   -1 -1
# vtk DataFile Version 2.0
target_e
ASCII
DATASET POLYDATA
POINTS 121 float
-4.000000 -0.000000 196.000000
-5.000000 -0.000000 195.000000
-4.000000 -0.000000 195.000000
-5.000000 -0.000000 196.000000
-4.000000 -0.000000 197.000000
-5.000000 -0.000000 197.000000
-4.000000 -0.000000 198.000000
-5.000000 -0.000000 198.000000
-4.000000 -0.000000 199.000000
-5.000000 -0.000000 199.000000
-4.000000 0.000000 200.000000
-5.000000 0.000000 200.000000
-4.000000 0.000000 201.000000
-5.000000 0.000000 201.000000
-4.000000 0.000000 202.000000
-5.000000 0.000000 202.000000
-4.000000 0.000000 203.000000
-5.000000 0.000000 203.000000
-4.000000 0.000000 204.000000
-5.000000 0.000000 204.000000
-4.000000 0.000000 205.000000
-5.000000 0.000000 205.000000
-3.000000 -0.000000 196.000000
-3.000000 -0.000000 195.000000
-3.000000 -0.000000 197.000000
-3.000000 -0.000000 198.000000
-3.000000 -0.000000 199.000000
-3.000000 0.000000 200.000000
-3.000000 0.000000 201.000000
-3.000000 0.000000 202.000000
-3.000000 0.000000 203.000000
-3.000000 0.000000 204.000000
-3.000000 0.000000 205.000000
-2.000000 -0.000000 196.000000
-2.000000 -0.000000 195.000000
-2.000000 -0.000000 197.000000
-2.000000 -0.000000 198.000000
-2.000000 -0.000000 199.000000
-2.000000 0.000000 200.000000
-2.000000 0.000000 201.000000
-2.000000 0.000000 202.000000
-2.000000 0.000000 203.000000
-2.000000 0.000000 204.000000
-2.000000 0.000000 205.000000
-1.000000 -0.000000 196.000000
-1.000000 -0.000000 195.000000
-1.000000 -0.000000 197.000000
-1.000000 -0.000000 198.000000
-1.000000 -0.000000 199.000000
-1.000000 0.000000 200.000000
-1.000000 0.000000 201.000000
-1.000000 0.000000 202.000000
-1.000000 0.000000 203.000000
-1.000000 0.000000 204.000000
-1.000000 0.000000 205.000000
0.000000 -0.000000 196.000000
0.000000 -0.000000 195.000000
0.000000 -0.000000 197.000000
0.000000 -0.000000 198.000000
0.000000 -0.000000 199.000000
0.000000 0.000000 200.000000
0.000000 0.000000 201.000000
0.000000 0.000000 202.000000
0.000000 0.000000 203.000000
0.000000 0.000000 204.000000
0.000000 0.000000 205.000000
1.000000 -0.000000 196.000000
1.000000 -0.000000 195.000000
1.000000 -0.000000 197.000000
1.000000 -0.000000 198.000000
1.000000 -0.000000 199.000000
1.000000 0.000000 200.000000
1.000000 0.000000 201.000000
1.000000 0.000000 202.000000
1.000000 0.000000 203.000000
1.000000 0.000000 204.000000
1.000000 0.000000 205.000000
2.000000 -0.000000 196.000000
2.000000 -0.000000 195.000000
2.000000 -0.000000 197.000000
2.000000 -0.000000 198.000000
2.000000 -0.000000 199.000000
2.000000 0.000000 200.000000
2.000000 0.000000 201.000000
2.000000 0.000000 202.000000
2.000000 0.000000 203.000000
2.000000 0.000000 204.000000
2.000000 0.000000 205.000000
3.000000 -0.000000 196.000000
3.000000 -0.000000 195.000000
3.000000 -0.000000 197.000000
3.000000 -0.000000 198.000000
3.000000 -0.000000 199.000000
3.000000 0.000000 200.000000
3.000000 0.000000 201.000000
3.000000 0.000000 202.000000
3.000000 0.000000 203.000000
3.000000 0.000000 204.000000
3.000000 0.000000 205.000000
4.000000 -0.000000 196.000000
4.000000 -0.000000 195.000000
4.000000 -0.000000 197.000000
4.000000 -0.000000 198.000000
4.000000 -0.000000 199.000000
4.000000 0.000000 200.000000
4.000000 0.000000 201.000000
4.000000 0.000000 202.000000
4.000000 0.000000 203.000000
4.000000 0.000000 204.000000
4.000000 0.000000 205.000000
5.000000 -0.000000 196.000000
5.000000 -0.000000 195.000000
5.000000 -0.000000 197.000000
5.000000 -0.000000 198.000000
5.000000 -0.000000 199.000000
5.000000 0.000000 200.000000
5.000000 0.000000 201.000000
5.000000 0.000000 202.000000
5.000000 0.000000 203.000000
5.000000 0.000000 204.000000
5.000000 0.000000 205.000000
POLYGONS 200 800
3 0 1 2
3 0 3 1
3 4 3 0
3 4 5 3
3 6 5 4
3 6 7 5
3 8 7 6
3 8 9 7
3 10 9 8
3 10 11 9
3 12 11 10
3 12 13 11
3 14 13 12
3 14 15 13
3 16 15 14
3 16 17 15
3 18 17 16
3 18 19 17
3 20 19 18
3 20 21 19
3 22 2 23
3 22 0 2
3 24 0 22
3 24 4 0
3 25 4 24
3 25 6 4
3 26 6 25
3 26 8 6
3 27 8 26
3 27 10 8
3 28 10 27
3 28 12 10
3 29 12 28
3 29 14 12
3 30 14 29
3 30 16 14
3 31 16 30
3 31 18 16
3 32 18 31
3 32 20 18
3 33 23 34
3 33 22 23
3 35 22 33
3 35 24 22
3 36 24 35
3 36 25 24
3 37 25 36
3 37 26 25
3 38 26 37
3 38 27 26
3 39 27 38
3 39 28 27
3 40 28 39
3 40 29 28
3 41 29 40
3 41 30 29
3 42 30 41
3 42 31 30
3 43 31 42
3 43 32 31
3 44 34 45
3 44 33 34
3 46 33 44
3 46 35 33
3 47 35 46
3 47 36 35
3 48 36 47
3 48 37 36
3 49 37 48
3 49 38 37
3 50 38 49
3 50 39 38
3 51 39 50
3 51 40 39
3 52 40 51
3 52 41 40
3 53 41 52
3 53 42 41
3 54 42 53
3 54 43 42
3 55 45 56
3 55 44 45
3 57 44 55
3 57 46 44
3 58 46 57
3 58 47 46
3 59 47 58
3 59 48 47
3 60 48 59
3 60 49 48
3 61 49 60
3 61 50 49
3 62 50 61
3 62 51 50
3 63 51 62
3 63 52 51
3 64 52 63
3 64 53 52
3 65 53 64
3 65 54 53
3 66 56 67
3 66 55 56
3 68 55 66
3 68 57 55
3 69 57 68
3 69 58 57
3 70 58 69
3 70 59 58
3 71 59 70
3 71 60 59
3 72 60 71
3 72 61 60
3 73 61 72
3 73 62 61
3 74 62 73
3 74 63 62
3 75 63 74
3 75 64 63
3 76 64 75
3 76 65 64
3 77 67 78
3 77 66 67
3 79 66 77
3 79 68 66
3 80 68 79
3 80 69 68
3 81 69 80
3 81 70 69
3 82 70 81
3 82 71 70
3 83 71 82
3 83 72 71
3 84 72 83
3 84 73 72
3 85 73 84
3 85 74 73
3 86 74 85
3 86 75 74
3 87 75 86
3 87 76 75
3 88 78 89
3 88 77 78
3 90 77 88
3 90 79 77
3 91 79 90
3 91 80 79
3 92 80 91
3 92 81 80
3 93 81 92
3 93 82 81
3 94 82 93
3 94 83 82
3 95 83 94
3 95 84 83
3 96 84 95
3 96 85 84
3 97 85 96
3 97 86 85
3 98 86 97
3 98 87 86
3 99 89 100
3 99 88 89
3 101 88 99
3 101 90 88
3 102 90 101
3 102 91 90
3 103 91 102
3 103 92 91
3 104 92 103
3 104 93 92
3 105 93 104
3 105 94 93
3 106 94 105
3 106 95 94
3 107 95 106
3 107 96 95
3 108 96 107
3 108 97 96
3 109 97 108
3 109 98 97
3 110 100 111
3 110 99 100
3 112 99 110
3 112 101 99
3 113 101 112
3 113 102 101
3 114 102 113
3 114 103 102
3 115 103 114
3 115 104 103
3 116 104 115
3 116 105 104
3 117 105 116
3 117 106 105
3 118 106 117
3 118 107 106
3 119 107 118
3 119 108 107
3 120 108 119
3 120 109 108
CELL_DATA 200
SCALARS Front_faces_Incoming_flux double 2
LOOKUP_TABLE default
0 0
0 0
0 0
0 0
0 0
0 0
0 0
0 0
0 0
0 0
0 0
0 0
0 0
0 0
0 0
0 0
0 0
0 0
0 0
0 0
0 0
0 0
0 0
0 0
0 0
0 0
0 0
0 0
0 0
0 0
0 0
0 0
0 0
0 0
0 0
0 0
0 0
0 0
0 0
0 0
0 0
0 0
0 0
0 0
0 0
0 0
0 0
0 0
0 0
0 0
0 0
0 0
0 0
0 0
0 0
0 0
0 0
0 0
0 0
0 0
0 0
0 0
0 0
0 0
0 0
0 0
0 0
0 0
0 0
0 0
0 0
0 0
0 0
0 0
0 0
0 0
0 0
0 0
0 0
0 0
0 0
0 0
0 0
0 0
0 0
0 0
0 0
0 0
0 0
0 0
0 0
0 0
0 0
0 0
0 0
0 0
0 0
0 0
0 0
0 0
0 0
0 0
0 0
0 0
0 0
0 0
0 0
0 0
0 0
0 0
0 0
0 0
0 0
0 0
0 0
0 0
0 0
0 0
0 0
0 0
0 0
0 0
0 0
0 0
0 0
0 0
0 0
0 0
0 0
0 0
0 0
0 0
0 0
0 0
0 0
0 0
0 0
0 0
0 0
0 0
0 0
0 0
0 0
0 0
0 0
0 0
0 0
0 0
0 0
0 0
0 0
0 0
0 0
0 0
0 0
0 0
0 0
0 0
0 0
0 0
0 0
0 0
0 0
0 0
0 0
0 0
0 0
0 0
0 0
0 0
0 0
0 0
0 0
0 0
0 0
0 0
0 0
0 0
0 0
0 0
0 0
0 0
0 0
0 0
0 0
0 0
0 0
0 0
0 0
0 0
0 0
0 0
0 0
0 0
0 0
0 0
0 0
0 0
0 0
0 0
SCALARS Front_faces_Absorbed_flux double 2
LOOKUP_TABLE default
0 0
0 0
0 0
0 0
0 0
0 0
0 0
0 0
0 0
0 0
0 0
0 0
0 0
0 0
0 0
0 0
0 0
0 0
0 0
0 0
0 0
0 0
0 0
0 0
0 0
0 0
0 0
0 0
0 0
0 0
0 0
0 0
0 0
0 0
0 0
0 0
0 0
0 0
0 0
0 0
0 0
0 0
0 0
0 0
0 0
0 0
0 0
0 0
0 0
0 0
0 0
0 0
0 0
0 0
0 0
0 0
0 0
0 0
0 0
0 0
0 0
0 0
0 0
0 0
0 0
0 0
0 0
0 0
0 0
0 0
0 0
0 0
0 0
0 0
0 0
0 0
0 0
0 0
0 0
0 0
0 0
0 0
0 0
0 0
0 0
0 0
0 0
0 0
0 0
0 0
0 0
0 0
0 0
0 0
0 0
0 0
0 0
0 0
0 0
0 0
0 0
0 0
0 0
0 0
0 0
0 0
0 0
0 0
0 0
0 0
0 0
0 0
0 0
0 0
0 0
0 0
0 0
0 0
0 0
0 0
0 0
0 0
0 0
0 0
0 0
0 0
0 0
0 0
0 0
0 0
0 0
0 0
0 0
0 0
0 0
0 0
0 0
0 0
0 0
0 0
0 0
0 0
0 0
0 0
0 0
0 0
0 0
0 0
0 0
0 0
0 0
0 0
0 0
0 0
0 0
0 0
0 0
0 0
0 0
0 0
0 0
0 0
0 0
0 0
0 0
0 0
0 0
0 0
0 0
0 0
0 0
0 0
0 0
0 0
0 0
0 0
0 0
0 0
0 0
0 0
0 0
0 0
0 0
0 0
0 0
0 0
0 0
0 0
0 0
0 0
0 0
0 0
0 0
0 0
0 0
0 0
0 0
0 0
0 0
0 0
SCALARS Back_faces_Incoming_flux double 2
LOOKUP_TABLE default
0 0
0 0
0 0
0 0
0 0
0 0
0 0
0 0
0 0
0 0
0 0
0 0
0 0
0 0
0 0
0 0
0 0
0 0
0 0
0 0
1.56812 1.56812
3.13644 2.21778
1.56818 1.56817
1.56881 1.5688
1.56657 1.56656
4.70282 2.71513
10.9738 4.14758
6.27414 3.13701
12.5397 4.43328
7.83918 3.5057
10.9737 4.14752
9.40844 3.84086
12.5398 4.43332
10.9748 4.14794
14.1067 4.70202
7.84109 3.50655
10.9748 4.14794
7.83806 3.5052
7.84107 3.50655
0 0
31.3517 7.00976
20.3845 5.65329
95.6264 12.24
40.7455 7.98981
167.725 16.2059
89.3523 11.8316
263.367 20.3021
131.686 14.3621
311.941 22.0909
166.176 16.1319
340.215 23.0702
126.985 14.1038
285.368 21.1336
120.724 13.7525
312.036 22.0976
89.3697 11.8339
163.066 15.9817
78.3973 11.0843
94.0876 12.143
18.8208 5.43276
250.824 19.8135
236.697 19.2476
594.076 30.4578
424.827 25.7714
1091.06 41.2125
750.857 34.2253
1668.06 50.8649
1164.79 42.5728
2011.37 55.7923
1367.05 46.0919
2099.25 56.9833
1282.49 44.6573
1920.62 54.5376
1014.4 39.7511
1480.15 47.9469
804.37 35.4226
1022.39 39.9092
534.733 28.908
504.936 28.0936
276.01 20.7867
692.855 32.8828
807.285 35.4815
1497.02 48.2105
1471.99 47.8104
2713.53 64.6537
2481.57 61.8759
3737.28 75.6245
3566.46 73.9178
4601.25 83.6764
4033.82 78.4939
4636.14 83.9872
3834.99 76.5877
4112.66 79.2414
3190.77 70.0082
3005.83 67.9908
2303.45 59.6559
1925.64 54.6127
1332.91 45.5237
933.086 38.1388
704.145 33.156
639.546 31.5976
949.948 38.4719
1356 45.9054
1978.38 55.3379
2296.64 59.5621
3215.18 70.2624
3524.21 73.4897
4298.53 80.9561
4018.15 78.3455
4874.38 86.0499
4123.42 79.3401
4448.01 82.3164
3469.79 72.9379
3639.28 74.6583
2491.67 62.0084
2615.55 63.5056
1447.38 47.4206
1536.8 48.8501
773.165 34.7357
777.841 34.8394
217.91 18.4701
489.057 27.6442
432.708 26.01
926.448 37.9962
810.517 35.5542
1465.73 47.7099
1062.91 40.6823
2019.26 55.901
1299.7 44.9529
2204.38 58.374
1329.55 45.4631
2010.05 55.7778
1128.91 41.9202
1640.16 50.4472
804.417 35.4247
1132.14 41.9816
446.917 26.4353
633.521 31.4551
213.267 18.275
326.225 22.5961
21.9485 5.86558
59.5731 9.6622
59.574 9.66235
156.77 15.6692
95.6361 12.2412
219.482 18.5366
136.404 14.6177
341.791 23.1237
159.897 15.8241
365.315 23.9047
164.632 16.058
340.227 23.0711
116.02 13.482
263.399 20.3046
97.2149 12.3425
159.937 15.8281
42.3416 8.14755
98.8039 12.4442
17.2519 5.20135
31.3642 7.01255
1.56626 1.56625
1.56691 1.5669
0 0
10.9772 4.14885
4.70291 2.71519
23.5159 6.07132
4.70016 2.7136
26.6454 6.46192
1.5686 1.5686
18.8173 5.43176
7.83897 3.5056
18.814 5.43082
3.13511 2.21683
14.1067 4.70202
4.7031 2.7153
6.27452 3.1372
3.13411 2.21613
4.70396 2.71579
0 0
3.13635 2.21771
0 0
0 0
0 0
0 0
0 0
0 0
0 0
0 0
0 0
0 0
0 0
0 0
0 0
0 0
0 0
0 0
0 0
0 0
0 0
0 0
SCALARS Back_faces_Absorbed_flux double 2
LOOKUP_TABLE default
0 0
0 0
0 0
0 0
0 0
0 0
0 0
0 0
0 0
0 0
0 0
0 0
0 0
0 0
0 0
0 0
0 0
0 0
0 0
0 0
1.56812 1.56812
3.13644 2.21778
1.56818 1.56817
1.56881 1.5688
1.56657 1.56656
4.70282 2.71513
10.9738 4.14758
6.27414 3.13701
12.5397 4.43328
7.83918 3.5057
10.9737 4.14752
9.40844 3.84086
12.5398 4.43332
10.9748 4.14794
14.1067 4.70202
7.84109 3.50655
10.9748 4.14794
7.83806 3.5052
7.84107 3.50655
0 0
31.3517 7.00976
20.3845 5.65329
95.6264 12.24
40.7455 7.98981
167.725 16.2059
89.3523 11.8316
263.367 20.3021
131.686 14.3621
311.941 22.0909
166.176 16.1319
340.215 23.0702
126.985 14.1038
285.368 21.1336
120.724 13.7525
312.036 22.0976
89.3697 11.8339
163.066 15.9817
78.3973 11.0843
94.0876 12.143
18.8208 5.43276
250.824 19.8135
236.697 19.2476
594.076 30.4578
424.827 25.7714
1091.06 41.2125
750.857 34.2253
1668.06 50.8649
1164.79 42.5728
2011.37 55.7923
1367.05 46.0919
2099.25 56.9833
1282.49 44.6573
1920.62 54.5376
1014.4 39.7511
1480.15 47.9469
804.37 35.4226
1022.39 39.9092
534.733 28.908
504.936 28.0936
276.01 20.7867
692.855 32.8828
807.285 35.4815
1497.02 48.2105
1471.99 47.8104
2713.53 64.6537
2481.57 61.8759
3737.28 75.6245
3566.46 73.9178
4601.25 83.6764
4033.82 78.4939
4636.14 83.9872
3834.99 76.5877
4112.66 79.2414
3190.77 70.0082
3005.83 67.9908
2303.45 59.6559
1925.64 54.6127
1332.91 45.5237
933.086 38.1388
704.145 33.156
639.546 31.5976
949.948 38.4719
1356 45.9054
1978.38 55.3379
2296.64 59.5621
3215.18 70.2624
3524.21 73.4897
4298.53 80.9561
4018.15 78.3455
4874.38 86.0499
4123.42 79.3401
4448.01 82.3164
3469.79 72.9379
3639.28 74.6583
2491.67 62.0084
2615.55 63.5056
1447.38 47.4206
1536.8 48.8501
773.165 34.7357
777.841 34.8394
217.91 18.4701
489.057 27.6442
432.708 26.01
926.448 37.9962
810.517 35.5542
1465.73 47.7099
1062.91 40.6823
2019.26 55.901
1299.7 44.9529
2204.38 58.374
1329.55 45.4631
2010.05 55.7778
1128.91 41.9202
1640.16 50.4472
804.417 35.4247
1132.14 41.9816
446.917 26.4353
633.521 31.4551
213.267 18.275
326.225 22.5961
21.9485 5.86558
59.5731 9.6622
59.574 9.66235
156.77 15.6692
95.6361 12.2412
219.482 18.5366
136.404 14.6177
341.791 23.1237
159.897 15.8241
365.315 23.9047
164.632 16.058
340.227 23.0711
116.02 13.482
263.399 20.3046
97.2149 12.3425
159.937 15.8281
42.3416 8.14755
98.8039 12.4442
17.2519 5.20135
31.3642 7.01255
1.56626 1.56625
1.56691 1.5669
0 0
10.9772 4.14885
4.70291 2.71519
23.5159 6.07132
4.70016 2.7136
26.6454 6.46192
1.5686 1.5686
18.8173 5.43176
7.83897 3.5056
18.814 5.43082
3.13511 2.21683
14.1067 4.70202
4.7031 2.7153
6.27452 3.1372
3.13411 2.21613
4.70396 2.71579
0 0
3.13635 2.21771
0 0
0 0
0 0
0 0
0 0
0 0
0 0
0 0
0 0
0 0
0 0
0 0
0 0
0 0
0 0
0 0
0 0
0 0
0 0
0 0
# vtk DataFile Version 2.0
virtual_target_e
ASCII
DATASET POLYDATA
POINTS 25 float
-50.000000 5.000000 150.000000
-100.000000 5.000000 100.000000
-50.000000 5.000000 100.000000
-100.000000 5.000000 150.000000
-50.000000 5.000000 200.000000
-100.000000 5.000000 200.000000
-50.000000 5.000000 250.000000
-100.000000 5.000000 250.000000
-50.000000 5.000000 300.000000
-100.000000 5.000000 300.000000
0.000000 5.000000 150.000000
0.000000 5.000000 100.000000
0.000000 5.000000 200.000000
0.000000 5.000000 250.000000
0.000000 5.000000 300.000000
50.000000 5.000000 150.000000
50.000000 5.000000 100.000000
50.000000 5.000000 200.000000
50.000000 5.000000 250.000000
50.000000 5.000000 300.000000
100.000000 5.000000 150.000000
100.000000 5.000000 100.000000
100.000000 5.000000 200.000000
100.000000 5.000000 250.000000
100.000000 5.000000 300.000000
POLYGONS 32 128
3 0 1 2
3 0 3 1
3 4 3 0
3 4 5 3
3 6 5 4
3 6 7 5
3 8 7 6
3 8 9 7
3 10 2 11
3 10 0 2
3 12 0 10
3 12 4 0
3 13 4 12
3 13 6 4
3 14 6 13
3 14 8 6
3 15 11 16
3 15 10 11
3 17 10 15
3 17 12 10
3 18 12 17
3 18 13 12
3 19 13 18
3 19 14 13
3 20 16 21
3 20 15 16
3 22 15 20
3 22 17 15
3 23 17 22
3 23 18 17
3 24 18 23
3 24 19 18
CELL_DATA 32
SCALARS Front_faces_Incoming_flux double 2
LOOKUP_TABLE default
0 0
0 0
0 0
0 0
0 0
0 0
0 0
0 0
0 0
0 0
0 0
0 0
0 0
0 0
0 0
0 0
0 0
0 0
0 0
0 0
0 0
0 0
0 0
0 0
0 0
0 0
0 0
0 0
0 0
0 0
0 0
0 0
