#--- Sun direction: 9.35761 7.09647 (-0.979134 -0.16135 -0.12354)
7 2 1 100000 0
29797.6 0
17715.5 15.5994
0.711759 1.50829e-05
15.6998 1.82439
1358.1 15.5164
2119.5 0.26825
0 0
target_e 10 100   0 0   0 0   0 0   0 0   0 0   0 0   0 0   0 0   0 0   0 0   0 0   17715.5 15.5994   19683.9 17.3327   17715.5 15.5994   1968.39 1.73327   0 0   17715.5 15.5994   19683.9 17.3327   17715.5 15.5994   1968.39 1.73327   0 0   0.594528 0.000523514
virtual_target_e 2 40000   0 0   0 0   0 0   0 0   0 0   0 0   0 0   0 0   0 0   0 0   0 0   -1 -1   -1 -1   -1 -1   -1 -1   -1 -1   -1 -1   -1 -1   -1 -1   -1 -1   -1 -1   -1 -1
H_0.hst_0.pivot.reflect_surface 18 100.004 100000   0.711759 1.50829e-05   15.6998 1.82439
10 18   0 0   0 0   0 0   0 0   0 0   0 0   0 0   0 0   0 0   0 0   17715.5 15.5994   19683.9 17.3327   17715.5 15.5994   1968.39 1.73327   0 0   17715.5 15.5994   19683.9 17.3327   17715.5 15.5994   1968.39 1.73327   0 0
2 18   0 0   0 0   0 0   0 0   0 0   0 0   0 0   0 0   0 0   0 0   -1 -1   -1 -1   -1 -1   -1 -1   -1 -1   -1 -1   -1 -1   -1 -1   -1 -1   -1 -1
# vtk DataFile Version 2.0
target_e
ASCII
DATASET POLYDATA
POINTS 121 float
-4.000000 -0.000000 196.000000
-5.000000 -0.000000 195.000000
-4.000000 -0.000000 195.000000
-5.000000 -0.000000 196.000000
-4.000000 -0.000000 197.000000
-5.000000 -0.000000 197.000000
-4.000000 -0.000000 198.000000
-5.000000 -0.000000 198.000000
-4.000000 -0.000000 199.000000
-5.000000 -0.000000 199.000000
-4.000000 0.000000 200.000000
-5.000000 0.000000 200.000000
-4.000000 0.000000 201.000000
-5.000000 0.000000 201.000000
-4.000000 0.000000 202.000000
-5.000000 0.000000 202.000000
-4.000000 0.000000 203.000000
-5.000000 0.000000 203.000000
-4.000000 0.000000 204.000000
-5.000000 0.000000 204.000000
-4.000000 0.000000 205.000000
-5.000000 0.000000 205.000000
-3.000000 -0.000000 196.000000
-3.000000 -0.000000 195.000000
-3.000000 -0.000000 197.000000
-3.000000 -0.000000 198.000000
-3.000000 -0.000000 199.000000
-3.000000 0.000000 200.000000
-3.000000 0.000000 201.000000
-3.000000 0.000000 202.000000
-3.000000 0.000000 203.000000
-3.000000 0.000000 204.000000
-3.000000 0.000000 205.000000
-2.000000 -0.000000 196.000000
-2.000000 -0.000000 195.000000
-2.000000 -0.000000 197.000000
-2.000000 -0.000000 198.000000
-2.000000 -0.000000 199.000000
-2.000000 0.000000 200.000000
-2.000000 0.000000 201.000000
-2.000000 0.000000 202.000000
-2.000000 0.000000 203.000000
-2.000000 0.000000 204.000000
-2.000000 0.000000 205.000000
-1.000000 -0.000000 196.000000
-1.000000 -0.000000 195.000000
-1.000000 -0.000000 197.000000
-1.000000 -0.000000 198.000000
-1.000000 -0.000000 199.000000
-1.000000 0.000000 200.000000
-1.000000 0.000000 201.000000
-1.000000 0.000000 202.000000
-1.000000 0.000000 203.000000
-1.000000 0.000000 204.000000
-1.000000 0.000000 205.000000
0.000000 -0.000000 196.000000
0.000000 -0.000000 195.000000
0.000000 -0.000000 197.000000
0.000000 -0.000000 198.000000
0.000000 -0.000000 199.000000
0.000000 0.000000 200.000000
0.000000 0.000000 201.000000
0.000000 0.000000 202.000000
0.000000 0.000000 203.000000
0.000000 0.000000 204.000000
0.000000 0.000000 205.000000
1.000000 -0.000000 196.000000
1.000000 -0.000000 195.000000
1.000000 -0.000000 197.000000
1.000000 -0.000000 198.000000
1.000000 -0.000000 199.000000
1.000000 0.000000 200.000000
1.000000 0.000000 201.000000
1.000000 0.000000 202.000000
1.000000 0.000000 203.000000
1.000000 0.000000 204.000000
1.000000 0.000000 205.000000
2.000000 -0.000000 196.000000
2.000000 -0.000000 195.000000
2.000000 -0.000000 197.000000
2.000000 -0.000000 198.000000
2.000000 -0.000000 199.000000
2.000000 0.000000 200.000000
2.000000 0.000000 201.000000
2.000000 0.000000 202.000000
2.000000 0.000000 203.000000
2.000000 0.000000 204.000000
2.000000 0.000000 205.000000
3.000000 -0.000000 196.000000
3.000000 -0.000000 195.000000
3.000000 -0.000000 197.000000
3.000000 -0.000000 198.000000
3.000000 -0.000000 199.000000
3.000000 0.000000 200.000000
3.000000 0.000000 201.000000
3.000000 0.000000 202.000000
3.000000 0.000000 203.000000
3.000000 0.000000 204.000000
3.000000 0.000000 205.000000
4.000000 -0.000000 196.000000
4.000000 -0.000000 195.000000
4.000000 -0.000000 197.000000
4.000000 -0.000000 198.000000
4.000000 -0.000000 199.000000
4.000000 0.000000 200.000000
4.000000 0.000000 201.000000
4.000000 0.000000 202.000000
4.000000 0.000000 203.000000
4.000000 0.000000 204.000000
4.000000 0.000000 205.000000
5.000000 -0.000000 196.000000
5.000000 -0.000000 195.000000
5.000000 -0.000000 197.000000
5.000000 -0.000000 198.000000
5.000000 -0.000000 199.000000
5.000000 0.000000 200.000000
5.000000 0.000000 201.000000
5.000000 0.000000 202.000000
5.000000 0.000000 203.000000
5.000000 0.000000 204.000000
5.000000 0.000000 205.000000
POLYGONS 200 800
3 0 1 2
3 0 3 1
3 4 3 0
3 4 5 3
3 6 5 4
3 6 7 5
3 8 7 6
3 8 9 7
3 10 9 8
3 10 11 9
3 12 11 10
3 12 13 11
3 14 13 12
3 14 15 13
3 16 15 14
3 16 17 15
3 18 17 16
3 18 19 17
3 20 19 18
3 20 21 19
3 22 2 23
3 22 0 2
3 24 0 22
3 24 4 0
3 25 4 24
3 25 6 4
3 26 6 25
3 26 8 6
3 27 8 26
3 27 10 8
3 28 10 27
3 28 12 10
3 29 12 28
3 29 14 12
3 30 14 29
3 30 16 14
3 31 16 30
3 31 18 16
3 32 18 31
3 32 20 18
3 33 23 34
3 33 22 23
3 35 22 33
3 35 24 22
3 36 24 35
3 36 25 24
3 37 25 36
3 37 26 25
3 38 26 37
3 38 27 26
3 39 27 38
3 39 28 27
3 40 28 39
3 40 29 28
3 41 29 40
3 41 30 29
3 42 30 41
3 42 31 30
3 43 31 42
3 43 32 31
3 44 34 45
3 44 33 34
3 46 33 44
3 46 35 33
3 47 35 46
3 47 36 35
3 48 36 47
3 48 37 36
3 49 37 48
3 49 38 37
3 50 38 49
3 50 39 38
3 51 39 50
3 51 40 39
3 52 40 51
3 52 41 40
3 53 41 52
3 53 42 41
3 54 42 53
3 54 43 42
3 55 45 56
3 55 44 45
3 57 44 55
3 57 46 44
3 58 46 57
3 58 47 46
3 59 47 58
3 59 48 47
3 60 48 59
3 60 49 48
3 61 49 60
3 61 50 49
3 62 50 61
3 62 51 50
3 63 51 62
3 63 52 51
3 64 52 63
3 64 53 52
3 65 53 64
3 65 54 53
3 66 56 67
3 66 55 56
3 68 55 66
3 68 57 55
3 69 57 68
3 69 58 57
3 70 58 69
3 70 59 58
3 71 59 70
3 71 60 59
3 72 60 71
3 72 61 60
3 73 61 72
3 73 62 61
3 74 62 73
3 74 63 62
3 75 63 74
3 75 64 63
3 76 64 75
3 76 65 64
3 77 67 78
3 77 66 67
3 79 66 77
3 79 68 66
3 80 68 79
3 80 69 68
3 81 69 80
3 81 70 69
3 82 70 81
3 82 71 70
3 83 71 82
3 83 72 71
3 84 72 83
3 84 73 72
3 85 73 84
3 85 74 73
3 86 74 85
3 86 75 74
3 87 75 86
3 87 76 75
3 88 78 89
3 88 77 78
3 90 77 88
3 90 79 77
3 91 79 90
3 91 80 79
3 92 80 91
3 92 81 80
3 93 81 92
3 93 82 81
3 94 82 93
3 94 83 82
3 95 83 94
3 95 84 83
3 96 84 95
3 96 85 84
3 97 85 96
3 97 86 85
3 98 86 97
3 98 87 86
3 99 89 100
3 99 88 89
3 101 88 99
3 101 90 88
3 102 90 101
3 102 91 90
3 103 91 102
3 103 92 91
3 104 92 103
3 104 93 92
3 105 93 104
3 105 94 93
3 106 94 105
3 106 95 94
3 107 95 106
3 107 96 95
3 108 96 107
3 108 97 96
3 109 97 108
3 109 98 97
3 110 100 111
3 110 99 100
3 112 99 110
3 112 101 99
3 113 101 112
3 113 102 101
3 114 102 113
3 114 103 102
3 115 103 114
3 115 104 103
3 116 104 115
3 116 105 104
3 117 105 116
3 117 106 105
3 118 106 117
3 118 107 106
3 119 107 118
3 119 108 107
3 120 108 119
3 120 109 108
CELL_DATA 200
SCALARS Front_faces_Incoming_flux double 2
LOOKUP_TABLE default
0 0
0 0
0 0
0 0
0 0
0 0
0 0
0 0
0 0
0 0
0 0
0 0
0 0
0 0
0 0
0 0
0 0
0 0
0 0
0 0
0 0
0 0
0 0
0 0
0 0
0 0
0 0
0 0
0 0
0 0
0 0
0 0
0 0
0 0
0 0
0 0
0 0
0 0
0 0
0 0
0 0
0 0
0 0
0 0
0 0
0 0
0 0
0 0
0 0
0 0
0 0
0 0
0 0
0 0
0 0
0 0
0 0
0 0
0 0
0 0
0 0
0 0
0 0
0 0
0 0
0 0
0 0
0 0
0 0
0 0
0 0
0 0
0 0
0 0
0 0
0 0
0 0
0 0
0 0
0 0
0 0
0 0
0 0
0 0
0 0
0 0
0 0
0 0
0 0
0 0
0 0
0 0
0 0
0 0
0 0
0 0
0 0
0 0
0 0
0 0
0 0
0 0
0 0
0 0
0 0
0 0
0 0
0 0
0 0
0 0
0 0
0 0
0 0
0 0
0 0
0 0
0 0
0 0
0 0
0 0
0 0
0 0
0 0
0 0
0 0
0 0
0 0
0 0
0 0
0 0
0 0
0 0
0 0
0 0
0 0
0 0
0 0
0 0
0 0
0 0
0 0
0 0
0 0
0 0
0 0
0 0
0 0
0 0
0 0
0 0
0 0
0 0
0 0
0 0
0 0
0 0
0 0
0 0
0 0
0 0
0 0
0 0
0 0
0 0
0 0
0 0
0 0
0 0
0 0
0 0
0 0
0 0
0 0
0 0
0 0
0 0
0 0
0 0
0 0
0 0
0 0
0 0
0 0
0 0
0 0
0 0
0 0
0 0
0 0
0 0
0 0
0 0
0 0
0 0
0 0
0 0
0 0
0 0
0 0
0 0
SCALARS Front_faces_Absorbed_flux double 2
LOOKUP_TABLE default
0 0
0 0
0 0
0 0
0 0
0 0
0 0
0 0
0 0
0 0
0 0
0 0
0 0
0 0
0 0
0 0
0 0
0 0
0 0
0 0
0 0
0 0
0 0
0 0
0 0
0 0
0 0
0 0
0 0
0 0
0 0
0 0
0 0
0 0
0 0
0 0
0 0
0 0
0 0
0 0
0 0
0 0
0 0
0 0
0 0
0 0
0 0
0 0
0 0
0 0
0 0
0 0
0 0
0 0
0 0
0 0
0 0
0 0
0 0
0 0
0 0
0 0
0 0
0 0
0 0
0 0
0 0
0 0
0 0
0 0
0 0
0 0
0 0
0 0
0 0
0 0
0 0
0 0
0 0
0 0
0 0
0 0
0 0
0 0
0 0
0 0
0 0
0 0
0 0
0 0
0 0
0 0
0 0
0 0
0 0
0 0
0 0
0 0
0 0
0 0
0 0
0 0
0 0
0 0
0 0
0 0
0 0
0 0
0 0
0 0
0 0
0 0
0 0
0 0
0 0
0 0
0 0
0 0
0 0
0 0
0 0
0 0
0 0
0 0
0 0
0 0
0 0
0 0
0 0
0 0
0 0
0 0
0 0
0 0
0 0
0 0
0 0
0 0
0 0
0 0
0 0
0 0
0 0
0 0
0 0
0 0
0 0
0 0
0 0
0 0
0 0
0 0
0 0
0 0
0 0
0 0
0 0
0 0
0 0
0 0
0 0
0 0
0 0
0 0
0 0
0 0
0 0
0 0
0 0
0 0
0 0
0 0
0 0
0 0
0 0
0 0
0 0
0 0
0 0
0 0
0 0
0 0
0 0
0 0
0 0
0 0
0 0
0 0
0 0
0 0
0 0
0 0
0 0
0 0
0 0
0 0
0 0
0 0
0 0
0 0
SCALARS Back_faces_Incoming_flux double 2
LOOKUP_TABLE default
0 0
0.375885 0.375883
0.376027 0.376025
0.375984 0.375982
0.751354 0.531282
1.13079 0.652852
3.76401 1.19024
1.12531 0.649686
4.51128 1.30222
1.12626 0.650241
4.51467 1.3032
1.88253 0.841877
3.01536 1.06605
1.5037 0.751835
3.7673 1.19127
0.376797 0.376795
1.13526 0.655435
0.378106 0.378104
0.379044 0.379042
0 0
3.02286 1.06871
3.39113 1.13033
10.5519 1.99386
6.39704 1.55138
22.6167 2.91895
13.9303 2.28972
30.914 3.41252
14.6968 2.35292
40.3095 3.89481
25.2463 3.08331
45.2335 4.12678
16.5841 2.49961
33.5611 3.55591
15.4642 2.41463
27.1938 3.20369
9.42404 1.88459
12.1074 2.14
4.90957 1.36159
7.57766 1.69427
2.64732 1.00056
30.9951 3.42146
19.6401 2.7229
71.4526 5.19253
47.6003 4.23794
120.169 6.72809
72.5336 5.22968
154.881 7.63337
104.255 6.26678
196.61 8.59956
114.797 6.5741
184.561 8.33438
118.251 6.67353
179.378 8.21965
103.641 6.25263
128.769 6.97169
65.0993 4.95955
83.8027 5.63101
36.3819 3.71148
45.9473 4.17454
22.3779 2.91252
110.402 6.4625
110.65 6.46592
210.173 8.90472
193.534 8.53962
304.17 10.6976
265.585 9.99588
406.588 12.3516
332.141 11.1664
479.929 13.4083
376.279 11.8816
488.573 13.5311
374.266 11.8542
454.077 13.0569
316.941 10.9224
367.704 11.7674
239.298 9.5039
254.637 9.81197
161.56 7.82022
153.872 7.64001
85.6001 5.7003
228.444 9.29826
247.134 9.66194
376.962 11.9213
351.682 11.5098
510.326 13.8475
504.7 13.7627
632.204 15.3877
630.403 15.358
692.148 16.0941
695.158 16.1145
729.341 16.5153
658.194 15.6919
697.122 16.1555
589.455 14.8705
551.656 14.4072
460.453 13.1679
412.527 12.485
333.427 11.2291
255.223 9.84193
193.541 8.57372
211.534 8.96236
295.281 10.5726
341.646 11.3753
424.77 12.6614
489.746 13.5957
543.148 14.3009
582.823 14.8204
680.97 15.9873
669.568 15.8699
733.301 16.5829
668.711 15.8634
710.015 16.3274
589.423 14.9138
632.866 15.4322
506.501 13.8382
490.253 13.6098
390.28 12.1699
360.247 11.6884
233.068 9.42346
213.196 9.00827
90.7743 5.8895
156.117 7.71325
190.146 8.51672
268.58 10.1086
242.618 9.6204
359.659 11.6882
316.164 10.9755
445.966 13.0067
387.06 12.1359
497.71 13.7356
366.068 11.8079
478.659 13.4757
347.37 11.5076
416.452 12.5802
264.644 10.0548
333.951 11.2793
205.424 8.86587
239.39 9.56112
111.89 6.5496
124.41 6.90051
19.9617 2.7675
44.5354 4.13265
32.3386 3.52699
77.9835 5.46787
59.7018 4.7917
109.64 6.4853
83.9629 5.68055
176.397 8.22369
123.377 6.88599
168.865 8.05109
101.449 6.24746
184.624 8.41554
111.947 6.56429
154.663 7.70809
70.2272 5.20089
118.712 6.75389
50.1476 4.39541
62.0276 4.88456
29.7154 3.38511
42.7475 4.05519
1.15556 0.667157
5.77362 1.49065
3.47598 1.15862
6.55517 1.58974
5.40738 1.44509
20.4334 2.80604
8.88454 1.85236
21.6154 2.88769
14.3071 2.35165
34.392 3.64395
13.5296 2.28653
28.2153 3.30117
12.7661 2.22193
31.7135 3.50075
10.4478 2.01043
19.338 2.73413
10.4508 2.01099
9.27175 1.89237
2.32446 0.948933
6.56006 1.59093
0 0
0 0
0 0
0 0
0.387714 0.387712
0.385864 0.385862
0.773194 0.546726
3.48693 1.16226
0 0
1.55069 0.775328
1.54933 0.774649
2.71665 1.02676
0.38756 0.387558
1.55092 0.775445
0 0
1.15888 0.669074
0.775003 0.548004
1.16287 0.671375
0.774208 0.547447
0.773507 0.546947
SCALARS Back_faces_Absorbed_flux double 2
LOOKUP_TABLE default
0 0
0.375885 0.375883
0.376027 0.376025
0.375984 0.375982
0.751354 0.531282
1.13079 0.652852
3.76401 1.19024
1.12531 0.649686
4.51128 1.30222
1.12626 0.650241
4.51467 1.3032
1.88253 0.841877
3.01536 1.06605
1.5037 0.751835
3.7673 1.19127
0.376797 0.376795
1.13526 0.655435
0.378106 0.378104
0.379044 0.379042
0 0
3.02286 1.06871
3.39113 1.13033
10.5519 1.99386
6.39704 1.55138
22.6167 2.91895
13.9303 2.28972
30.914 3.41252
14.6968 2.35292
40.3095 3.89481
25.2463 3.08331
45.2335 4.12678
16.5841 2.49961
33.5611 3.55591
15.4642 2.41463
27.1938 3.20369
9.42404 1.88459
12.1074 2.14
4.90957 1.36159
7.57766 1.69427
2.64732 1.00056
30.9951 3.42146
19.6401 2.7229
71.4526 5.19253
47.6003 4.23794
120.169 6.72809
72.5336 5.22968
154.881 7.63337
104.255 6.26678
196.61 8.59956
114.797 6.5741
184.561 8.33438
118.251 6.67353
179.378 8.21965
103.641 6.25263
128.769 6.97169
65.0993 4.95955
83.8027 5.63101
36.3819 3.71148
45.9473 4.17454
22.3779 2.91252
110.402 6.4625
110.65 6.46592
210.173 8.90472
193.534 8.53962
304.17 10.6976
265.585 9.99588
406.588 12.3516
332.141 11.1664
479.929 13.4083
376.279 11.8816
488.573 13.5311
374.266 11.8542
454.077 13.0569
316.941 10.9224
367.704 11.7674
239.298 9.5039
254.637 9.81197
161.56 7.82022
153.872 7.64001
85.6001 5.7003
228.444 9.29826
247.134 9.66194
376.962 11.9213
351.682 11.5098
510.326 13.8475
504.7 13.7627
632.204 15.3877
630.403 15.358
692.148 16.0941
695.158 16.1145
729.341 16.5153
658.194 15.6919
697.122 16.1555
589.455 14.8705
551.656 14.4072
460.453 13.1679
412.527 12.485
333.427 11.2291
255.223 9.84193
193.541 8.57372
211.534 8.96236
295.281 10.5726
341.646 11.3753
424.77 12.6614
489.746 13.5957
543.148 14.3009
582.823 14.8204
680.97 15.9873
669.568 15.8699
733.301 16.5829
668.711 15.8634
710.015 16.3274
589.423 14.9138
632.866 15.4322
506.501 13.8382
490.253 13.6098
390.28 12.1699
360.247 11.6884
233.068 9.42346
213.196 9.00827
90.7743 5.8895
156.117 7.71325
190.146 8.51672
268.58 10.1086
242.618 9.6204
359.659 11.6882
316.164 10.9755
445.966 13.0067
387.06 12.1359
497.71 13.7356
366.068 11.8079
478.659 13.4757
347.37 11.5076
416.452 12.5802
264.644 10.0548
333.951 11.2793
205.424 8.86587
239.39 9.56112
111.89 6.5496
124.41 6.90051
19.9617 2.7675
44.5354 4.13265
32.3386 3.52699
77.9835 5.46787
59.7018 4.7917
109.64 6.4853
83.9629 5.68055
176.397 8.22369
123.377 6.88599
168.865 8.05109
101.449 6.24746
184.624 8.41554
111.947 6.56429
154.663 7.70809
70.2272 5.20089
118.712 6.75389
50.1476 4.39541
62.0276 4.88456
29.7154 3.38511
42.7475 4.05519
1.15556 0.667157
5.77362 1.49065
3.47598 1.15862
6.55517 1.58974
5.40738 1.44509
20.4334 2.80604
8.88454 1.85236
21.6154 2.88769
14.3071 2.35165
34.392 3.64395
13.5296 2.28653
28.2153 3.30117
12.7661 2.22193
31.7135 3.50075
10.4478 2.01043
19.338 2.73413
10.4508 2.01099
9.27175 1.89237
2.32446 0.948933
6.56006 1.59093
0 0
0 0
0 0
0 0
0.387714 0.387712
0.385864 0.385862
0.773194 0.546726
3.48693 1.16226
0 0
1.55069 0.775328
1.54933 0.774649
2.71665 1.02676
0.38756 0.387558
1.55092 0.775445
0 0
1.15888 0.669074
0.775003 0.548004
1.16287 0.671375
0.774208 0.547447
0.773507 0.546947
# vtk DataFile Version 2.0
virtual_target_e
ASCII
DATASET POLYDATA
POINTS 25 float
-50.000000 5.000000 150.000000
-100.000000 5.000000 100.000000
-50.000000 5.000000 100.000000
-100.000000 5.000000 150.000000
-50.000000 5.000000 200.000000
-100.000000 5.000000 200.000000
-50.000000 5.000000 250.000000
-100.000000 5.000000 250.000000
-50.000000 5.000000 300.000000
-100.000000 5.000000 300.000000
0.000000 5.000000 150.000000
0.000000 5.000000 100.000000
0.000000 5.000000 200.000000
0.000000 5.000000 250.000000
0.000000 5.000000 300.000000
50.000000 5.000000 150.000000
50.000000 5.000000 100.000000
50.000000 5.000000 200.000000
50.000000 5.000000 250.000000
50.000000 5.000000 300.000000
100.000000 5.000000 150.000000
100.000000 5.000000 100.000000
100.000000 5.000000 200.000000
100.000000 5.000000 250.000000
100.000000 5.000000 300.000000
POLYGONS 32 128
3 0 1 2
3 0 3 1
3 4 3 0
3 4 5 3
3 6 5 4
3 6 7 5
3 8 7 6
3 8 9 7
3 10 2 11
3 10 0 2
3 12 0 10
3 12 4 0
3 13 4 12
3 13 6 4
3 14 6 13
3 14 8 6
3 15 11 16
3 15 10 11
3 17 10 15
3 17 12 10
3 18 12 17
3 18 13 12
3 19 13 18
3 19 14 13
3 20 16 21
3 20 15 16
3 22 15 20
3 22 17 15
3 23 17 22
3 23 18 17
3 24 18 23
3 24 19 18
CELL_DATA 32
SCALARS Front_faces_Incoming_flux double 2
LOOKUP_TABLE default
0 0
0 0
0 0
0 0
0 0
0 0
0 0
0 0
0 0
0 0
0 0
0 0
0 0
0 0
0 0
0 0
0 0
0 0
0 0
0 0
0 0
0 0
0 0
0 0
0 0
0 0
0 0
0 0
0 0
0 0
0 0
0 0
