#--- Sun direction: 270 64.285 (7.97052e-17 0.433895 -0.900963)
7 2 1 100000 0
85504.2 0
69253 72.9301
0.999751 4.37167e-07
5738.17 67.6543
2516.46 43.2741
7975.24 6.80789
0 0
target_e 10 100   0 0   0 0   0 0   0 0   0 0   0 0   0 0   0 0   0 0   0 0   0 0   69253 72.9301   76947.8 81.0335   69253 72.9301   7694.78 8.10335   0 0   69253 72.9301   76947.8 81.0335   69253 72.9301   7694.78 8.10335   0 0   0.809937 0.000852942
virtual_target_e 2 40000   0 0   0 0   0 0   0 0   0 0   0 0   0 0   0 0   0 0   0 0   0 0   -1 -1   -1 -1   -1 -1   -1 -1   -1 -1   -1 -1   -1 -1   -1 -1   -1 -1   -1 -1   -1 -1
H_0.hst_0.pivot.reflect_surface 18 100.004 100000   0.999751 4.37167e-07   5738.17 67.6543
10 18   0 0   0 0   0 0   0 0   0 0   0 0   0 0   0 0   0 0   0 0   69253 72.9301   76947.8 81.0335   69253 72.9301   7694.78 8.10335   0 0   69253 72.9301   76947.8 81.0335   69253 72.9301   7694.78 8.10335   0 0
2 18   0 0   0 0   0 0   0 0   0 0   0 0   0 0   0 0   0 0   0 0   -1 -1   -1 -1   -1 -1   -1 -1   -1 -1   -1 -1   -1 -1   -1 -1   -1 -1   -1 -1
# vtk DataFile Version 2.0
target_e
ASCII
DATASET POLYDATA
POINTS 121 float
-4.000000 -0.000000 196.000000
-5.000000 -0.000000 195.000000
-4.000000 -0.000000 195.000000
-5.000000 -0.000000 196.000000
-4.000000 -0.000000 197.000000
-5.000000 -0.000000 197.000000
-4.000000 -0.000000 198.000000
-5.000000 -0.000000 198.000000
-4.000000 -0.000000 199.000000
-5.000000 -0.000000 199.000000
-4.000000 0.000000 200.000000
-5.000000 0.000000 200.000000
-4.000000 0.000000 201.000000
-5.000000 0.000000 201.000000
-4.000000 0.000000 202.000000
-5.000000 0.000000 202.000000
-4.000000 0.000000 203.000000
-5.000000 0.000000 203.000000
-4.000000 0.000000 204.000000
-5.000000 0.000000 204.000000
-4.000000 0.000000 205.000000
-5.000000 0.000000 205.000000
-3.000000 -0.000000 196.000000
-3.000000 -0.000000 195.000000
-3.000000 -0.000000 197.000000
-3.000000 -0.000000 198.000000
-3.000000 -0.000000 199.000000
-3.000000 0.000000 200.000000
-3.000000 0.000000 201.000000
-3.000000 0.000000 202.000000
-3.000000 0.000000 203.000000
-3.000000 0.000000 204.000000
-3.000000 0.000000 205.000000
-2.000000 -0.000000 196.000000
-2.000000 -0.000000 195.000000
-2.000000 -0.000000 197.000000
-2.000000 -0.000000 198.000000
-2.000000 -0.000000 199.000000
-2.000000 0.000000 200.000000
-2.000000 0.000000 201.000000
-2.000000 0.000000 202.000000
-2.000000 0.000000 203.000000
-2.000000 0.000000 204.000000
-2.000000 0.000000 205.000000
-1.000000 -0.000000 196.000000
-1.000000 -0.000000 195.000000
-1.000000 -0.000000 197.000000
-1.000000 -0.000000 198.000000
-1.000000 -0.000000 199.000000
-1.000000 0.000000 200.000000
-1.000000 0.000000 201.000000
-1.000000 0.000000 202.000000
-1.000000 0.000000 203.000000
-1.000000 0.000000 204.000000
-1.000000 0.000000 205.000000
0.000000 -0.000000 196.000000
0.000000 -0.000000 195.000000
0.000000 -0.000000 197.000000
0.000000 -0.000000 198.000000
0.000000 -0.000000 199.000000
0.000000 0.000000 200.000000
0.000000 0.000000 201.000000
0.000000 0.000000 202.000000
0.000000 0.000000 203.000000
0.000000 0.000000 204.000000
0.000000 0.000000 205.000000
1.000000 -0.000000 196.000000
1.000000 -0.000000 195.000000
1.000000 -0.000000 197.000000
1.000000 -0.000000 198.000000
1.000000 -0.000000 199.000000
1.000000 0.000000 200.000000
1.000000 0.000000 201.000000
1.000000 0.000000 202.000000
1.000000 0.000000 203.000000
1.000000 0.000000 204.000000
1.000000 0.000000 205.000000
2.000000 -0.000000 196.000000
2.000000 -0.000000 195.000000
2.000000 -0.000000 197.000000
2.000000 -0.000000 198.000000
2.000000 -0.000000 199.000000
2.000000 0.000000 200.000000
2.000000 0.000000 201.000000
2.000000 0.000000 202.000000
2.000000 0.000000 203.000000
2.000000 0.000000 204.000000
2.000000 0.000000 205.000000
3.000000 -0.000000 196.000000
3.000000 -0.000000 195.000000
3.000000 -0.000000 197.000000
3.000000 -0.000000 198.000000
3.000000 -0.000000 199.000000
3.000000 0.000000 200.000000
3.000000 0.000000 201.000000
3.000000 0.000000 202.000000
3.000000 0.000000 203.000000
3.000000 0.000000 204.000000
3.000000 0.000000 205.000000
4.000000 -0.000000 196.000000
4.000000 -0.000000 195.000000
4.000000 -0.000000 197.000000
4.000000 -0.000000 198.000000
4.000000 -0.000000 199.000000
4.000000 0.000000 200.000000
4.000000 0.000000 201.000000
4.000000 0.000000 202.000000
4.000000 0.000000 203.000000
4.000000 0.000000 204.000000
4.000000 0.000000 205.000000
5.000000 -0.000000 196.000000
5.000000 -0.000000 195.000000
5.000000 -0.000000 197.000000
5.000000 -0.000000 198.000000
5.000000 -0.000000 199.000000
5.000000 0.000000 200.000000
5.000000 0.000000 201.000000
5.000000 0.000000 202.000000
5.000000 0.000000 203.000000
5.000000 0.000000 204.000000
5.000000 0.000000 205.000000
POLYGONS 200 800
3 0 1 2
3 0 3 1
3 4 3 0
3 4 5 3
3 6 5 4
3 6 7 5
3 8 7 6
3 8 9 7
3 10 9 8
3 10 11 9
3 12 11 10
3 12 13 11
3 14 13 12
3 14 15 13
3 16 15 14
3 16 17 15
3 18 17 16
3 18 19 17
3 20 19 18
3 20 21 19
3 22 2 23
3 22 0 2
3 24 0 22
3 24 4 0
3 25 4 24
3 25 6 4
3 26 6 25
3 26 8 6
3 27 8 26
3 27 10 8
3 28 10 27
3 28 12 10
3 29 12 28
3 29 14 12
3 30 14 29
3 30 16 14
3 31 16 30
3 31 18 16
3 32 18 31
3 32 20 18
3 33 23 34
3 33 22 23
3 35 22 33
3 35 24 22
3 36 24 35
3 36 25 24
3 37 25 36
3 37 26 25
3 38 26 37
3 38 27 26
3 39 27 38
3 39 28 27
3 40 28 39
3 40 29 28
3 41 29 40
3 41 30 29
3 42 30 41
3 42 31 30
3 43 31 42
3 43 32 31
3 44 34 45
3 44 33 34
3 46 33 44
3 46 35 33
3 47 35 46
3 47 36 35
3 48 36 47
3 48 37 36
3 49 37 48
3 49 38 37
3 50 38 49
3 50 39 38
3 51 39 50
3 51 40 39
3 52 40 51
3 52 41 40
3 53 41 52
3 53 42 41
3 54 42 53
3 54 43 42
3 55 45 56
3 55 44 45
3 57 44 55
3 57 46 44
3 58 46 57
3 58 47 46
3 59 47 58
3 59 48 47
3 60 48 59
3 60 49 48
3 61 49 60
3 61 50 49
3 62 50 61
3 62 51 50
3 63 51 62
3 63 52 51
3 64 52 63
3 64 53 52
3 65 53 64
3 65 54 53
3 66 56 67
3 66 55 56
3 68 55 66
3 68 57 55
3 69 57 68
3 69 58 57
3 70 58 69
3 70 59 58
3 71 59 70
3 71 60 59
3 72 60 71
3 72 61 60
3 73 61 72
3 73 62 61
3 74 62 73
3 74 63 62
3 75 63 74
3 75 64 63
3 76 64 75
3 76 65 64
3 77 67 78
3 77 66 67
3 79 66 77
3 79 68 66
3 80 68 79
3 80 69 68
3 81 69 80
3 81 70 69
3 82 70 81
3 82 71 70
3 83 71 82
3 83 72 71
3 84 72 83
3 84 73 72
3 85 73 84
3 85 74 73
3 86 74 85
3 86 75 74
3 87 75 86
3 87 76 75
3 88 78 89
3 88 77 78
3 90 77 88
3 90 79 77
3 91 79 90
3 91 80 79
3 92 80 91
3 92 81 80
3 93 81 92
3 93 82 81
3 94 82 93
3 94 83 82
3 95 83 94
3 95 84 83
3 96 84 95
3 96 85 84
3 97 85 96
3 97 86 85
3 98 86 97
3 98 87 86
3 99 89 100
3 99 88 89
3 101 88 99
3 101 90 88
3 102 90 101
3 102 91 90
3 103 91 102
3 103 92 91
3 104 92 103
3 104 93 92
3 105 93 104
3 105 94 93
3 106 94 105
3 106 95 94
3 107 95 106
3 107 96 95
3 108 96 107
3 108 97 96
3 109 97 108
3 109 98 97
3 110 100 111
3 110 99 100
3 112 99 110
3 112 101 99
3 113 101 112
3 113 102 101
3 114 102 113
3 114 103 102
3 115 103 114
3 115 104 103
3 116 104 115
3 116 105 104
3 117 105 116
3 117 106 105
3 118 106 117
3 118 107 106
3 119 107 118
3 119 108 107
3 120 108 119
3 120 109 108
CELL_DATA 200
SCALARS Front_faces_Incoming_flux double 2
LOOKUP_TABLE default
0 0
0 0
0 0
0 0
0 0
0 0
0 0
0 0
0 0
0 0
0 0
0 0
0 0
0 0
0 0
0 0
0 0
0 0
0 0
0 0
0 0
0 0
0 0
0 0
0 0
0 0
0 0
0 0
0 0
0 0
0 0
0 0
0 0
0 0
0 0
0 0
0 0
0 0
0 0
0 0
0 0
0 0
0 0
0 0
0 0
0 0
0 0
0 0
0 0
0 0
0 0
0 0
0 0
0 0
0 0
0 0
0 0
0 0
0 0
0 0
0 0
0 0
0 0
0 0
0 0
0 0
0 0
0 0
0 0
0 0
0 0
0 0
0 0
0 0
0 0
0 0
0 0
0 0
0 0
0 0
0 0
0 0
0 0
0 0
0 0
0 0
0 0
0 0
0 0
0 0
0 0
0 0
0 0
0 0
0 0
0 0
0 0
0 0
0 0
0 0
0 0
0 0
0 0
0 0
0 0
0 0
0 0
0 0
0 0
0 0
0 0
0 0
0 0
0 0
0 0
0 0
0 0
0 0
0 0
0 0
0 0
0 0
0 0
0 0
0 0
0 0
0 0
0 0
0 0
0 0
0 0
0 0
0 0
0 0
0 0
0 0
0 0
0 0
0 0
0 0
0 0
0 0
0 0
0 0
0 0
0 0
0 0
0 0
0 0
0 0
0 0
0 0
0 0
0 0
0 0
0 0
0 0
0 0
0 0
0 0
0 0
0 0
0 0
0 0
0 0
0 0
0 0
0 0
0 0
0 0
0 0
0 0
0 0
0 0
0 0
0 0
0 0
0 0
0 0
0 0
0 0
0 0
0 0
0 0
0 0
0 0
0 0
0 0
0 0
0 0
0 0
0 0
0 0
0 0
0 0
0 0
0 0
0 0
0 0
0 0
SCALARS Front_faces_Absorbed_flux double 2
LOOKUP_TABLE default
0 0
0 0
0 0
0 0
0 0
0 0
0 0
0 0
0 0
0 0
0 0
0 0
0 0
0 0
0 0
0 0
0 0
0 0
0 0
0 0
0 0
0 0
0 0
0 0
0 0
0 0
0 0
0 0
0 0
0 0
0 0
0 0
0 0
0 0
0 0
0 0
0 0
0 0
0 0
0 0
0 0
0 0
0 0
0 0
0 0
0 0
0 0
0 0
0 0
0 0
0 0
0 0
0 0
0 0
0 0
0 0
0 0
0 0
0 0
0 0
0 0
0 0
0 0
0 0
0 0
0 0
0 0
0 0
0 0
0 0
0 0
0 0
0 0
0 0
0 0
0 0
0 0
0 0
0 0
0 0
0 0
0 0
0 0
0 0
0 0
0 0
0 0
0 0
0 0
0 0
0 0
0 0
0 0
0 0
0 0
0 0
0 0
0 0
0 0
0 0
0 0
0 0
0 0
0 0
0 0
0 0
0 0
0 0
0 0
0 0
0 0
0 0
0 0
0 0
0 0
0 0
0 0
0 0
0 0
0 0
0 0
0 0
0 0
0 0
0 0
0 0
0 0
0 0
0 0
0 0
0 0
0 0
0 0
0 0
0 0
0 0
0 0
0 0
0 0
0 0
0 0
0 0
0 0
0 0
0 0
0 0
0 0
0 0
0 0
0 0
0 0
0 0
0 0
0 0
0 0
0 0
0 0
0 0
0 0
0 0
0 0
0 0
0 0
0 0
0 0
0 0
0 0
0 0
0 0
0 0
0 0
0 0
0 0
0 0
0 0
0 0
0 0
0 0
0 0
0 0
0 0
0 0
0 0
0 0
0 0
0 0
0 0
0 0
0 0
0 0
0 0
0 0
0 0
0 0
0 0
0 0
0 0
0 0
0 0
0 0
SCALARS Back_faces_Incoming_flux double 2
LOOKUP_TABLE default
0 0
0 0
0 0
0 0
0 0
0 0
0 0
0 0
0 0
0 0
0 0
0 0
0 0
0 0
0 0
0 0
0 0
0 0
0 0
0 0
1.53871 1.5387
0 0
0 0
3.07705 2.17578
9.23172 3.76872
0 0
6.1544 3.07714
0 0
16.9246 5.10267
10.7708 4.07083
10.769 4.07014
4.61586 2.66493
30.7708 6.87986
7.69216 3.43995
18.4627 5.3294
6.15392 3.0769
6.1545 3.07719
1.53857 1.53856
0 0
0 0
29.2339 6.70608
18.465 5.33006
70.7784 10.4333
24.6184 6.15411
161.556 15.7579
78.4696 10.9851
252.327 19.6873
124.628 13.8419
309.263 21.7918
138.47 14.5894
375.416 24.0042
135.394 14.4267
326.183 22.3786
115.396 13.3197
250.786 19.6271
72.3148 10.5457
169.244 16.1279
63.0799 9.84941
90.7721 11.814
27.6944 6.52705
256.96 19.8676
206.184 17.7997
521.607 28.2817
350.809 23.2064
955.506 38.2239
718.548 33.1727
1624.8 49.7349
1037.03 39.8099
1926.37 54.1007
1215.52 43.075
1990.97 54.9881
1210.89 42.9934
1721.72 51.1804
1055.48 40.16
1360.13 45.5436
698.516 32.7085
883.149 36.756
438.495 25.9372
495.426 27.5645
233.86 18.9541
650.871 31.5794
623.162 30.9024
1398.66 46.1794
1457.13 47.1256
2337.26 59.5119
2343.4 59.5886
3357.38 71.0857
3258.89 70.058
4192.85 79.2186
3626.58 73.814
4346.71 80.6173
3588.11 73.4306
3915.85 76.6275
2831.07 65.3896
2731.08 64.2459
2046.36 55.7378
1767.9 51.8546
1227.82 43.2906
898.549 37.0735
658.524 31.7628
632.41 31.1303
923.215 37.5769
1278.66 44.1715
1800.27 52.3227
2178.8 57.4896
2815.82 65.2182
3143.55 68.8342
3846.73 75.9668
3615.93 73.7092
4406.77 81.1566
3583.59 73.3866
4197.5 79.2616
3180.46 69.2284
3386.59 71.3871
2338.77 59.5306
2352.6 59.7033
1300.17 44.5379
1374.01 45.7738
717.01 33.1373
670.84 32.0573
196.957 17.3976
423.149 25.4817
398.527 24.7312
824.748 35.5281
720.126 33.2098
1418.69 46.5063
997.086 39.0421
1809.52 52.4556
1301.76 44.5656
2021.87 55.4093
1209.43 42.9689
1883.37 53.5022
1041.7 39.9002
1430.99 46.7052
697.032 32.6752
970.903 38.5289
389.29 24.4435
590.863 30.0944
223.109 18.5148
290.805 21.133
12.3089 4.35168
58.4704 9.48335
52.3171 8.97079
130.793 14.1805
52.3163 8.97065
221.577 18.4515
116.943 13.4092
315.439 22.0086
135.408 14.4282
303.129 21.5758
132.33 14.2634
344.674 23.0037
121.558 13.6709
258.51 19.9277
84.6305 11.4084
155.407 15.4558
38.4668 7.69241
83.0895 11.304
13.8486 4.61601
38.4672 7.69248
3.07743 2.17605
0 0
1.53881 1.53881
12.3096 4.35193
9.23286 3.76919
12.3102 4.35214
4.61563 2.6648
9.23274 3.76914
6.15529 3.07758
13.8498 4.61638
3.07727 2.17594
18.4647 5.32997
4.61647 2.66528
4.616 2.66501
3.07767 2.17622
7.69285 3.44026
0 0
6.15493 3.0774
0 0
1.53833 1.53832
0 0
0 0
0 0
0 0
0 0
1.53852 1.53852
0 0
0 0
0 0
1.53874 1.53874
0 0
0 0
0 0
0 0
0 0
0 0
0 0
0 0
0 0
0 0
SCALARS Back_faces_Absorbed_flux double 2
LOOKUP_TABLE default
0 0
0 0
0 0
0 0
0 0
0 0
0 0
0 0
0 0
0 0
0 0
0 0
0 0
0 0
0 0
0 0
0 0
0 0
0 0
0 0
1.53871 1.5387
0 0
0 0
3.07705 2.17578
9.23172 3.76872
0 0
6.1544 3.07714
0 0
16.9246 5.10267
10.7708 4.07083
10.769 4.07014
4.61586 2.66493
30.7708 6.87986
7.69216 3.43995
18.4627 5.3294
6.15392 3.0769
6.1545 3.07719
1.53857 1.53856
0 0
0 0
29.2339 6.70608
18.465 5.33006
70.7784 10.4333
24.6184 6.15411
161.556 15.7579
78.4696 10.9851
252.327 19.6873
124.628 13.8419
309.263 21.7918
138.47 14.5894
375.416 24.0042
135.394 14.4267
326.183 22.3786
115.396 13.3197
250.786 19.6271
72.3148 10.5457
169.244 16.1279
63.0799 9.84941
90.7721 11.814
27.6944 6.52705
256.96 19.8676
206.184 17.7997
521.607 28.2817
350.809 23.2064
955.506 38.2239
718.548 33.1727
1624.8 49.7349
1037.03 39.8099
1926.37 54.1007
1215.52 43.075
1990.97 54.9881
1210.89 42.9934
1721.72 51.1804
1055.48 40.16
1360.13 45.5436
698.516 32.7085
883.149 36.756
438.495 25.9372
495.426 27.5645
233.86 18.9541
650.871 31.5794
623.162 30.9024
1398.66 46.1794
1457.13 47.1256
2337.26 59.5119
2343.4 59.5886
3357.38 71.0857
3258.89 70.058
4192.85 79.2186
3626.58 73.814
4346.71 80.6173
3588.11 73.4306
3915.85 76.6275
2831.07 65.3896
2731.08 64.2459
2046.36 55.7378
1767.9 51.8546
1227.82 43.2906
898.549 37.0735
658.524 31.7628
632.41 31.1303
923.215 37.5769
1278.66 44.1715
1800.27 52.3227
2178.8 57.4896
2815.82 65.2182
3143.55 68.8342
3846.73 75.9668
3615.93 73.7092
4406.77 81.1566
3583.59 73.3866
4197.5 79.2616
3180.46 69.2284
3386.59 71.3871
2338.77 59.5306
2352.6 59.7033
1300.17 44.5379
1374.01 45.7738
717.01 33.1373
670.84 32.0573
196.957 17.3976
423.149 25.4817
398.527 24.7312
824.748 35.5281
720.126 33.2098
1418.69 46.5063
997.086 39.0421
1809.52 52.4556
1301.76 44.5656
2021.87 55.4093
1209.43 42.9689
1883.37 53.5022
1041.7 39.9002
1430.99 46.7052
697.032 32.6752
970.903 38.5289
389.29 24.4435
590.863 30.0944
223.109 18.5148
290.805 21.133
12.3089 4.35168
58.4704 9.48335
52.3171 8.97079
130.793 14.1805
52.3163 8.97065
221.577 18.4515
116.943 13.4092
315.439 22.0086
135.408 14.4282
303.129 21.5758
132.33 14.2634
344.674 23.0037
121.558 13.6709
258.51 19.9277
84.6305 11.4084
155.407 15.4558
38.4668 7.69241
83.0895 11.304
13.8486 4.61601
38.4672 7.69248
3.07743 2.17605
0 0
1.53881 1.53881
12.3096 4.35193
9.23286 3.76919
12.3102 4.35214
4.61563 2.6648
9.23274 3.76914
6.15529 3.07758
13.8498 4.61638
3.07727 2.17594
18.4647 5.32997
4.61647 2.66528
4.616 2.66501
3.07767 2.17622
7.69285 3.44026
0 0
6.15493 3.0774
0 0
1.53833 1.53832
0 0
0 0
0 0
0 0
0 0
1.53852 1.53852
0 0
0 0
0 0
1.53874 1.53874
0 0
0 0
0 0
0 0
0 0
0 0
0 0
0 0
0 0
0 0
# vtk DataFile Version 2.0
virtual_target_e
ASCII
DATASET POLYDATA
POINTS 25 float
-50.000000 5.000000 150.000000
-100.000000 5.000000 100.000000
-50.000000 5.000000 100.000000
-100.000000 5.000000 150.000000
-50.000000 5.000000 200.000000
-100.000000 5.000000 200.000000
-50.000000 5.000000 250.000000
-100.000000 5.000000 250.000000
-50.000000 5.000000 300.000000
-100.000000 5.000000 300.000000
0.000000 5.000000 150.000000
0.000000 5.000000 100.000000
0.000000 5.000000 200.000000
0.000000 5.000000 250.000000
0.000000 5.000000 300.000000
50.000000 5.000000 150.000000
50.000000 5.000000 100.000000
50.000000 5.000000 200.000000
50.000000 5.000000 250.000000
50.000000 5.000000 300.000000
100.000000 5.000000 150.000000
100.000000 5.000000 100.000000
100.000000 5.000000 200.000000
100.000000 5.000000 250.000000
100.000000 5.000000 300.000000
POLYGONS 32 128
3 0 1 2
3 0 3 1
3 4 3 0
3 4 5 3
3 6 5 4
3 6 7 5
3 8 7 6
3 8 9 7
3 10 2 11
3 10 0 2
3 12 0 10
3 12 4 0
3 13 4 12
3 13 6 4
3 14 6 13
3 14 8 6
3 15 11 16
3 15 10 11
3 17 10 15
3 17 12 10
3 18 12 17
3 18 13 12
3 19 13 18
3 19 14 13
3 20 16 21
3 20 15 16
3 22 15 20
3 22 17 15
3 23 17 22
3 23 18 17
3 24 18 23
3 24 19 18
CELL_DATA 32
SCALARS Front_faces_Incoming_flux double 2
LOOKUP_TABLE default
0 0
0 0
0 0
0 0
0 0
0 0
0 0
0 0
0 0
0 0
0 0
0 0
0 0
0 0
0 0
0 0
0 0
0 0
0 0
0 0
0 0
0 0
0 0
0 0
0 0
0 0
0 0
0 0
0 0
0 0
0 0
0 0
