#--- Sun direction: 19.0044 14.0002 (-0.917408 -0.315967 -0.241925)
7 2 1 100000 0
47941.4 0
29266 25.0048
0.72776 1.47335e-05
18.8449 2.56378
2117.49 24.9025
3487.75 0.517198
0 0
target_e 10 100   0 0   0 0   0 0   0 0   0 0   0 0   0 0   0 0   0 0   0 0   0 0   29266 25.0048   32517.8 27.7832   29266 25.0048   3251.78 2.77832   0 0   29266 25.0048   32517.8 27.7832   29266 25.0048   3251.78 2.77832   0 0   0.610454 0.000521571
virtual_target_e 2 40000   0 0   0 0   0 0   0 0   0 0   0 0   0 0   0 0   0 0   0 0   0 0   -1 -1   -1 -1   -1 -1   -1 -1   -1 -1   -1 -1   -1 -1   -1 -1   -1 -1   -1 -1   -1 -1
H_0.hst_0.pivot.reflect_surface 18 100.004 100000   0.72776 1.47335e-05   18.8449 2.56378
10 18   0 0   0 0   0 0   0 0   0 0   0 0   0 0   0 0   0 0   0 0   29266 25.0048   32517.8 27.7832   29266 25.0048   3251.78 2.77832   0 0   29266 25.0048   32517.8 27.7832   29266 25.0048   3251.78 2.77832   0 0
2 18   0 0   0 0   0 0   0 0   0 0   0 0   0 0   0 0   0 0   0 0   -1 -1   -1 -1   -1 -1   -1 -1   -1 -1   -1 -1   -1 -1   -1 -1   -1 -1   -1 -1
# vtk DataFile Version 2.0
target_e
ASCII
DATASET POLYDATA
POINTS 121 float
-4.000000 -0.000000 196.000000
-5.000000 -0.000000 195.000000
-4.000000 -0.000000 195.000000
-5.000000 -0.000000 196.000000
-4.000000 -0.000000 197.000000
-5.000000 -0.000000 197.000000
-4.000000 -0.000000 198.000000
-5.000000 -0.000000 198.000000
-4.000000 -0.000000 199.000000
-5.000000 -0.000000 199.000000
-4.000000 0.000000 200.000000
-5.000000 0.000000 200.000000
-4.000000 0.000000 201.000000
-5.000000 0.000000 201.000000
-4.000000 0.000000 202.000000
-5.000000 0.000000 202.000000
-4.000000 0.000000 203.000000
-5.000000 0.000000 203.000000
-4.000000 0.000000 204.000000
-5.000000 0.000000 204.000000
-4.000000 0.000000 205.000000
-5.000000 0.000000 205.000000
-3.000000 -0.000000 196.000000
-3.000000 -0.000000 195.000000
-3.000000 -0.000000 197.000000
-3.000000 -0.000000 198.000000
-3.000000 -0.000000 199.000000
-3.000000 0.000000 200.000000
-3.000000 0.000000 201.000000
-3.000000 0.000000 202.000000
-3.000000 0.000000 203.000000
-3.000000 0.000000 204.000000
-3.000000 0.000000 205.000000
-2.000000 -0.000000 196.000000
-2.000000 -0.000000 195.000000
-2.000000 -0.000000 197.000000
-2.000000 -0.000000 198.000000
-2.000000 -0.000000 199.000000
-2.000000 0.000000 200.000000
-2.000000 0.000000 201.000000
-2.000000 0.000000 202.000000
-2.000000 0.000000 203.000000
-2.000000 0.000000 204.000000
-2.000000 0.000000 205.000000
-1.000000 -0.000000 196.000000
-1.000000 -0.000000 195.000000
-1.000000 -0.000000 197.000000
-1.000000 -0.000000 198.000000
-1.000000 -0.000000 199.000000
-1.000000 0.000000 200.000000
-1.000000 0.000000 201.000000
-1.000000 0.000000 202.000000
-1.000000 0.000000 203.000000
-1.000000 0.000000 204.000000
-1.000000 0.000000 205.000000
0.000000 -0.000000 196.000000
0.000000 -0.000000 195.000000
0.000000 -0.000000 197.000000
0.000000 -0.000000 198.000000
0.000000 -0.000000 199.000000
0.000000 0.000000 200.000000
0.000000 0.000000 201.000000
0.000000 0.000000 202.000000
0.000000 0.000000 203.000000
0.000000 0.000000 204.000000
0.000000 0.000000 205.000000
1.000000 -0.000000 196.000000
1.000000 -0.000000 195.000000
1.000000 -0.000000 197.000000
1.000000 -0.000000 198.000000
1.000000 -0.000000 199.000000
1.000000 0.000000 200.000000
1.000000 0.000000 201.000000
1.000000 0.000000 202.000000
1.000000 0.000000 203.000000
1.000000 0.000000 204.000000
1.000000 0.000000 205.000000
2.000000 -0.000000 196.000000
2.000000 -0.000000 195.000000
2.000000 -0.000000 197.000000
2.000000 -0.000000 198.000000
2.000000 -0.000000 199.000000
2.000000 0.000000 200.000000
2.000000 0.000000 201.000000
2.000000 0.000000 202.000000
2.000000 0.000000 203.000000
2.000000 0.000000 204.000000
2.000000 0.000000 205.000000
3.000000 -0.000000 196.000000
3.000000 -0.000000 195.000000
3.000000 -0.000000 197.000000
3.000000 -0.000000 198.000000
3.000000 -0.000000 199.000000
3.000000 0.000000 200.000000
3.000000 0.000000 201.000000
3.000000 0.000000 202.000000
3.000000 0.000000 203.000000
3.000000 0.000000 204.000000
3.000000 0.000000 205.000000
4.000000 -0.000000 196.000000
4.000000 -0.000000 195.000000
4.000000 -0.000000 197.000000
4.000000 -0.000000 198.000000
4.000000 -0.000000 199.000000
4.000000 0.000000 200.000000
4.000000 0.000000 201.000000
4.000000 0.000000 202.000000
4.000000 0.000000 203.000000
4.000000 0.000000 204.000000
4.000000 0.000000 205.000000
5.000000 -0.000000 196.000000
5.000000 -0.000000 195.000000
5.000000 -0.000000 197.000000
5.000000 -0.000000 198.000000
5.000000 -0.000000 199.000000
5.000000 0.000000 200.000000
5.000000 0.000000 201.000000
5.000000 0.000000 202.000000
5.000000 0.000000 203.000000
5.000000 0.000000 204.000000
5.000000 0.000000 205.000000
POLYGONS 200 800
3 0 1 2
3 0 3 1
3 4 3 0
3 4 5 3
3 6 5 4
3 6 7 5
3 8 7 6
3 8 9 7
3 10 9 8
3 10 11 9
3 12 11 10
3 12 13 11
3 14 13 12
3 14 15 13
3 16 15 14
3 16 17 15
3 18 17 16
3 18 19 17
3 20 19 18
3 20 21 19
3 22 2 23
3 22 0 2
3 24 0 22
3 24 4 0
3 25 4 24
3 25 6 4
3 26 6 25
3 26 8 6
3 27 8 26
3 27 10 8
3 28 10 27
3 28 12 10
3 29 12 28
3 29 14 12
3 30 14 29
3 30 16 14
3 31 16 30
3 31 18 16
3 32 18 31
3 32 20 18
3 33 23 34
3 33 22 23
3 35 22 33
3 35 24 22
3 36 24 35
3 36 25 24
3 37 25 36
3 37 26 25
3 38 26 37
3 38 27 26
3 39 27 38
3 39 28 27
3 40 28 39
3 40 29 28
3 41 29 40
3 41 30 29
3 42 30 41
3 42 31 30
3 43 31 42
3 43 32 31
3 44 34 45
3 44 33 34
3 46 33 44
3 46 35 33
3 47 35 46
3 47 36 35
3 48 36 47
3 48 37 36
3 49 37 48
3 49 38 37
3 50 38 49
3 50 39 38
3 51 39 50
3 51 40 39
3 52 40 51
3 52 41 40
3 53 41 52
3 53 42 41
3 54 42 53
3 54 43 42
3 55 45 56
3 55 44 45
3 57 44 55
3 57 46 44
3 58 46 57
3 58 47 46
3 59 47 58
3 59 48 47
3 60 48 59
3 60 49 48
3 61 49 60
3 61 50 49
3 62 50 61
3 62 51 50
3 63 51 62
3 63 52 51
3 64 52 63
3 64 53 52
3 65 53 64
3 65 54 53
3 66 56 67
3 66 55 56
3 68 55 66
3 68 57 55
3 69 57 68
3 69 58 57
3 70 58 69
3 70 59 58
3 71 59 70
3 71 60 59
3 72 60 71
3 72 61 60
3 73 61 72
3 73 62 61
3 74 62 73
3 74 63 62
3 75 63 74
3 75 64 63
3 76 64 75
3 76 65 64
3 77 67 78
3 77 66 67
3 79 66 77
3 79 68 66
3 80 68 79
3 80 69 68
3 81 69 80
3 81 70 69
3 82 70 81
3 82 71 70
3 83 71 82
3 83 72 71
3 84 72 83
3 84 73 72
3 85 73 84
3 85 74 73
3 86 74 85
3 86 75 74
3 87 75 86
3 87 76 75
3 88 78 89
3 88 77 78
3 90 77 88
3 90 79 77
3 91 79 90
3 91 80 79
3 92 80 91
3 92 81 80
3 93 81 92
3 93 82 81
3 94 82 93
3 94 83 82
3 95 83 94
3 95 84 83
3 96 84 95
3 96 85 84
3 97 85 96
3 97 86 85
3 98 86 97
3 98 87 86
3 99 89 100
3 99 88 89
3 101 88 99
3 101 90 88
3 102 90 101
3 102 91 90
3 103 91 102
3 103 92 91
3 104 92 103
3 104 93 92
3 105 93 104
3 105 94 93
3 106 94 105
3 106 95 94
3 107 95 106
3 107 96 95
3 108 96 107
3 108 97 96
3 109 97 108
3 109 98 97
3 110 100 111
3 110 99 100
3 112 99 110
3 112 101 99
3 113 101 112
3 113 102 101
3 114 102 113
3 114 103 102
3 115 103 114
3 115 104 103
3 116 104 115
3 116 105 104
3 117 105 116
3 117 106 105
3 118 106 117
3 118 107 106
3 119 107 118
3 119 108 107
3 120 108 119
3 120 109 108
CELL_DATA 200
SCALARS Front_faces_Incoming_flux double 2
LOOKUP_TABLE default
0 0
0 0
0 0
0 0
0 0
0 0
0 0
0 0
0 0
0 0
0 0
0 0
0 0
0 0
0 0
0 0
0 0
0 0
0 0
0 0
0 0
0 0
0 0
0 0
0 0
0 0
0 0
0 0
0 0
0 0
0 0
0 0
0 0
0 0
0 0
0 0
0 0
0 0
0 0
0 0
0 0
0 0
0 0
0 0
0 0
0 0
0 0
0 0
0 0
0 0
0 0
0 0
0 0
0 0
0 0
0 0
0 0
0 0
0 0
0 0
0 0
0 0
0 0
0 0
0 0
0 0
0 0
0 0
0 0
0 0
0 0
0 0
0 0
0 0
0 0
0 0
0 0
0 0
0 0
0 0
0 0
0 0
0 0
0 0
0 0
0 0
0 0
0 0
0 0
0 0
0 0
0 0
0 0
0 0
0 0
0 0
0 0
0 0
0 0
0 0
0 0
0 0
0 0
0 0
0 0
0 0
0 0
0 0
0 0
0 0
0 0
0 0
0 0
0 0
0 0
0 0
0 0
0 0
0 0
0 0
0 0
0 0
0 0
0 0
0 0
0 0
0 0
0 0
0 0
0 0
0 0
0 0
0 0
0 0
0 0
0 0
0 0
0 0
0 0
0 0
0 0
0 0
0 0
0 0
0 0
0 0
0 0
0 0
0 0
0 0
0 0
0 0
0 0
0 0
0 0
0 0
0 0
0 0
0 0
0 0
0 0
0 0
0 0
0 0
0 0
0 0
0 0
0 0
0 0
0 0
0 0
0 0
0 0
0 0
0 0
0 0
0 0
0 0
0 0
0 0
0 0
0 0
0 0
0 0
0 0
0 0
0 0
0 0
0 0
0 0
0 0
0 0
0 0
0 0
0 0
0 0
0 0
0 0
0 0
0 0
SCALARS Front_faces_Absorbed_flux double 2
LOOKUP_TABLE default
0 0
0 0
0 0
0 0
0 0
0 0
0 0
0 0
0 0
0 0
0 0
0 0
0 0
0 0
0 0
0 0
0 0
0 0
0 0
0 0
0 0
0 0
0 0
0 0
0 0
0 0
0 0
0 0
0 0
0 0
0 0
0 0
0 0
0 0
0 0
0 0
0 0
0 0
0 0
0 0
0 0
0 0
0 0
0 0
0 0
0 0
0 0
0 0
0 0
0 0
0 0
0 0
0 0
0 0
0 0
0 0
0 0
0 0
0 0
0 0
0 0
0 0
0 0
0 0
0 0
0 0
0 0
0 0
0 0
0 0
0 0
0 0
0 0
0 0
0 0
0 0
0 0
0 0
0 0
0 0
0 0
0 0
0 0
0 0
0 0
0 0
0 0
0 0
0 0
0 0
0 0
0 0
0 0
0 0
0 0
0 0
0 0
0 0
0 0
0 0
0 0
0 0
0 0
0 0
0 0
0 0
0 0
0 0
0 0
0 0
0 0
0 0
0 0
0 0
0 0
0 0
0 0
0 0
0 0
0 0
0 0
0 0
0 0
0 0
0 0
0 0
0 0
0 0
0 0
0 0
0 0
0 0
0 0
0 0
0 0
0 0
0 0
0 0
0 0
0 0
0 0
0 0
0 0
0 0
0 0
0 0
0 0
0 0
0 0
0 0
0 0
0 0
0 0
0 0
0 0
0 0
0 0
0 0
0 0
0 0
0 0
0 0
0 0
0 0
0 0
0 0
0 0
0 0
0 0
0 0
0 0
0 0
0 0
0 0
0 0
0 0
0 0
0 0
0 0
0 0
0 0
0 0
0 0
0 0
0 0
0 0
0 0
0 0
0 0
0 0
0 0
0 0
0 0
0 0
0 0
0 0
0 0
0 0
0 0
0 0
SCALARS Back_faces_Incoming_flux double 2
LOOKUP_TABLE default
0 0
0.61877 0.618766
2.47979 1.23987
0 0
3.09519 1.38418
0 0
0.617545 0.617541
1.23461 0.872996
2.47857 1.23927
0.623898 0.623895
1.85927 1.07344
1.23986 0.876707
3.11228 1.39185
0 0
0.624337 0.624334
0 0
0 0
0 0
0 0
0 0
11.145 2.62666
5.57197 1.85725
18.5801 3.39175
13.0028 2.83716
28.5338 4.20614
21.6963 3.66671
38.451 4.88179
26.6778 4.06748
40.378 5.00668
21.1058 3.61903
45.9646 5.34134
16.7763 3.2282
30.4774 4.35288
16.7977 3.23231
21.8162 3.687
8.11151 2.24962
14.9716 3.05572
3.12431 1.39721
11.245 2.65024
1.25211 0.885369
62.0901 6.20594
42.8284 5.15418
108.144 8.19128
76.4119 6.88566
190.252 10.8594
109.909 8.25404
246.933 12.3687
162.847 10.0476
250.785 12.4674
168.54 10.2243
288.99 13.385
166.186 10.1569
223.219 11.7765
129.064 8.96135
163.568 10.0921
78.6416 7.00159
99.3837 7.87544
42.4807 5.14984
59.4594 6.09755
28.1543 4.19608
201.385 11.1873
189.291 10.8402
368.915 15.1175
292.711 13.4701
537.572 18.2309
449.127 16.6661
669.384 20.3253
571.063 18.782
781.015 21.9433
643.752 19.9357
824.399 22.5495
627.019 19.6892
724.635 21.171
492.677 17.4818
601.256 19.3123
378.651 15.3479
411.936 16.0184
236.269 12.1456
242.79 12.3179
135.43 9.20497
354.076 14.8409
406.756 15.8902
608.646 19.4173
601.955 19.3043
854.309 22.9652
864.165 23.0848
1095.99 25.9692
1080.46 25.7742
1234.16 27.5382
1127.89 26.3373
1256.12 27.7917
1118.06 26.234
1147.88 26.6016
1041.32 25.3455
930.466 23.9988
795.471 22.2061
729.475 21.2938
530.295 18.1765
434.216 16.4733
313.638 14.0054
378.927 15.3718
442.59 16.5983
599.471 19.3058
713.154 21.0293
777.151 21.9595
927.082 23.9443
975.293 24.572
1192.17 27.104
1099.69 26.0798
1247.47 27.7276
1161.02 26.7943
1223.94 27.4816
1083.04 25.9045
1100.54 26.0922
869.099 23.2507
863.007 23.156
646.094 20.087
626.489 19.7722
429.871 16.4167
350.669 14.8304
186.121 10.8021
272.819 13.0674
249.922 12.5184
444.879 16.6723
377.554 15.3803
592.683 19.23
528.633 18.1849
718.112 21.1567
603.144 19.4241
814.679 22.5272
604.373 19.4534
813.721 22.5272
561.805 18.7692
733.719 21.4083
510.146 17.8967
565.334 18.8231
323.507 14.2746
395.268 15.7614
197.482 11.1629
222.703 11.8493
21.4241 3.67361
64.2439 6.3579
51.7371 5.71112
110.371 8.33607
71.3892 6.71203
164.14 10.1664
124.055 8.85246
246.553 12.4605
152.594 9.81768
273.587 13.1346
167.343 10.2857
283.274 13.3685
113.581 8.48192
227.622 11.9919
123.081 8.82823
192.212 11.0256
86.9808 7.42624
139.594 9.40114
58.4349 6.08949
69.1532 6.62011
1.26203 0.892386
5.0425 1.78274
2.53594 1.26796
12.6362 2.8253
5.06722 1.79149
13.9327 2.97016
10.1462 2.53637
32.9418 4.56706
13.9617 2.97635
28.5682 4.25775
14.6082 3.04569
34.9246 4.70797
23.5183 3.86571
43.8661 5.27907
13.3439 2.91159
35.595 4.75528
7.63749 2.20463
18.4461 3.42487
2.54322 1.27159
15.8867 3.17696
0 0
0 0
0 0
0 0
0 0
0 0
0 0
0.628921 0.628918
1.2721 0.899502
1.27071 0.898522
0 0
3.82485 1.56145
0 0
2.54714 1.27355
0.636976 0.636973
1.27427 0.901034
0.639789 0.639786
0.635535 0.635531
0.638721 0.638718
1.2749 0.901482
SCALARS Back_faces_Absorbed_flux double 2
LOOKUP_TABLE default
0 0
0.61877 0.618766
2.47979 1.23987
0 0
3.09519 1.38418
0 0
0.617545 0.617541
1.23461 0.872996
2.47857 1.23927
0.623898 0.623895
1.85927 1.07344
1.23986 0.876707
3.11228 1.39185
0 0
0.624337 0.624334
0 0
0 0
0 0
0 0
0 0
11.145 2.62666
5.57197 1.85725
18.5801 3.39175
13.0028 2.83716
28.5338 4.20614
21.6963 3.66671
38.451 4.88179
26.6778 4.06748
40.378 5.00668
21.1058 3.61903
45.9646 5.34134
16.7763 3.2282
30.4774 4.35288
16.7977 3.23231
21.8162 3.687
8.11151 2.24962
14.9716 3.05572
3.12431 1.39721
11.245 2.65024
1.25211 0.885369
62.0901 6.20594
42.8284 5.15418
108.144 8.19128
76.4119 6.88566
190.252 10.8594
109.909 8.25404
246.933 12.3687
162.847 10.0476
250.785 12.4674
168.54 10.2243
288.99 13.385
166.186 10.1569
223.219 11.7765
129.064 8.96135
163.568 10.0921
78.6416 7.00159
99.3837 7.87544
42.4807 5.14984
59.4594 6.09755
28.1543 4.19608
201.385 11.1873
189.291 10.8402
368.915 15.1175
292.711 13.4701
537.572 18.2309
449.127 16.6661
669.384 20.3253
571.063 18.782
781.015 21.9433
643.752 19.9357
824.399 22.5495
627.019 19.6892
724.635 21.171
492.677 17.4818
601.256 19.3123
378.651 15.3479
411.936 16.0184
236.269 12.1456
242.79 12.3179
135.43 9.20497
354.076 14.8409
406.756 15.8902
608.646 19.4173
601.955 19.3043
854.309 22.9652
864.165 23.0848
1095.99 25.9692
1080.46 25.7742
1234.16 27.5382
1127.89 26.3373
1256.12 27.7917
1118.06 26.234
1147.88 26.6016
1041.32 25.3455
930.466 23.9988
795.471 22.2061
729.475 21.2938
530.295 18.1765
434.216 16.4733
313.638 14.0054
378.927 15.3718
442.59 16.5983
599.471 19.3058
713.154 21.0293
777.151 21.9595
927.082 23.9443
975.293 24.572
1192.17 27.104
1099.69 26.0798
1247.47 27.7276
1161.02 26.7943
1223.94 27.4816
1083.04 25.9045
1100.54 26.0922
869.099 23.2507
863.007 23.156
646.094 20.087
626.489 19.7722
429.871 16.4167
350.669 14.8304
186.121 10.8021
272.819 13.0674
249.922 12.5184
444.879 16.6723
377.554 15.3803
592.683 19.23
528.633 18.1849
718.112 21.1567
603.144 19.4241
814.679 22.5272
604.373 19.4534
813.721 22.5272
561.805 18.7692
733.719 21.4083
510.146 17.8967
565.334 18.8231
323.507 14.2746
395.268 15.7614
197.482 11.1629
222.703 11.8493
21.4241 3.67361
64.2439 6.3579
51.7371 5.71112
110.371 8.33607
71.3892 6.71203
164.14 10.1664
124.055 8.85246
246.553 12.4605
152.594 9.81768
273.587 13.1346
167.343 10.2857
283.274 13.3685
113.581 8.48192
227.622 11.9919
123.081 8.82823
192.212 11.0256
86.9808 7.42624
139.594 9.40114
58.4349 6.08949
69.1532 6.62011
1.26203 0.892386
5.0425 1.78274
2.53594 1.26796
12.6362 2.8253
5.06722 1.79149
13.9327 2.97016
10.1462 2.53637
32.9418 4.56706
13.9617 2.97635
28.5682 4.25775
14.6082 3.04569
34.9246 4.70797
23.5183 3.86571
43.8661 5.27907
13.3439 2.91159
35.595 4.75528
7.63749 2.20463
18.4461 3.42487
2.54322 1.27159
15.8867 3.17696
0 0
0 0
0 0
0 0
0 0
0 0
0 0
0.628921 0.628918
1.2721 0.899502
1.27071 0.898522
0 0
3.82485 1.56145
0 0
2.54714 1.27355
0.636976 0.636973
1.27427 0.901034
0.639789 0.639786
0.635535 0.635531
0.638721 0.638718
1.2749 0.901482
# vtk DataFile Version 2.0
virtual_target_e
ASCII
DATASET POLYDATA
POINTS 25 float
-50.000000 5.000000 150.000000
-100.000000 5.000000 100.000000
-50.000000 5.000000 100.000000
-100.000000 5.000000 150.000000
-50.000000 5.000000 200.000000
-100.000000 5.000000 200.000000
-50.000000 5.000000 250.000000
-100.000000 5.000000 250.000000
-50.000000 5.000000 300.000000
-100.000000 5.000000 300.000000
0.000000 5.000000 150.000000
0.000000 5.000000 100.000000
0.000000 5.000000 200.000000
0.000000 5.000000 250.000000
0.000000 5.000000 300.000000
50.000000 5.000000 150.000000
50.000000 5.000000 100.000000
50.000000 5.000000 200.000000
50.000000 5.000000 250.000000
50.000000 5.000000 300.000000
100.000000 5.000000 150.000000
100.000000 5.000000 100.000000
100.000000 5.000000 200.000000
100.000000 5.000000 250.000000
100.000000 5.000000 300.000000
POLYGONS 32 128
3 0 1 2
3 0 3 1
3 4 3 0
3 4 5 3
3 6 5 4
3 6 7 5
3 8 7 6
3 8 9 7
3 10 2 11
3 10 0 2
3 12 0 10
3 12 4 0
3 13 4 12
3 13 6 4
3 14 6 13
3 14 8 6
3 15 11 16
3 15 10 11
3 17 10 15
3 17 12 10
3 18 12 17
3 18 13 12
3 19 13 18
3 19 14 13
3 20 16 21
3 20 15 16
3 22 15 20
3 22 17 15
3 23 17 22
3 23 18 17
3 24 18 23
3 24 19 18
CELL_DATA 32
SCALARS Front_faces_Incoming_flux double 2
LOOKUP_TABLE default
0 0
0 0
0 0
0 0
0 0
0 0
0 0
0 0
0 0
0 0
0 0
0 0
0 0
0 0
0 0
0 0
0 0
0 0
0 0
0 0
0 0
0 0
0 0
0 0
0 0
0 0
0 0
0 0
0 0
0 0
0 0
0 0
