#--- Sun direction: 270 52.4941 (1.11843e-16 0.608843 -0.79329)
7 2 3 100000 0
300013 0
256617 168.014
0.991105 7.01439e-06
0 0
10987.7 167.874
29739.8 3.7786
0 0
target_e 18 100   0 0   0 0   0 0   0 0   0 0   0 0   0 0   0 0   0 0   0 0   0 0   256617 168.014   285130 186.683   256617 168.014   28513 18.6683   0 0   256617 168.014   285130 186.683   256617 168.014   28513 18.6683   0 0   0.855352 0.000560023
virtual_target_e 2 40000   0 0   0 0   0 0   0 0   0 0   0 0   0 0   0 0   0 0   0 0   0 0   -1 -1   -1 -1   -1 -1   -1 -1   -1 -1   -1 -1   -1 -1   -1 -1   -1 -1   -1 -1   -1 -1
H_1.hst_1.pivot.reflect_surface 14 100.004 33419   0.991626 4.79229e-06   0 0
H_0.hst_0.pivot.reflect_surface 24 100.004 33381   0.993277 4.30912e-06   0 0
H_2.hst_2.pivot.reflect_surface 30 100.004 33200   0.988395 5.6613e-06   0 0
18 14   0 0   0 0   0 0   0 0   0 0   0 0   0 0   0 0   0 0   0 0   85975.8 395.329   95528.6 439.255   85975.8 395.329   9552.86 43.9255   0 0   85975.8 395.329   95528.6 439.255   85975.8 395.329   9552.86 43.9255   0 0
18 24   0 0   0 0   0 0   0 0   0 0   0 0   0 0   0 0   0 0   0 0   86461.5 396.399   96068.4 440.443   86461.5 396.399   9606.84 44.0443   0 0   86461.5 396.399   96068.4 440.443   86461.5 396.399   9606.84 44.0443   0 0
18 30   0 0   0 0   0 0   0 0   0 0   0 0   0 0   0 0   0 0   0 0   84179.6 392.17   93532.8 435.745   84179.6 392.17   9353.28 43.5745   0 0   84179.6 392.17   93532.8 435.745   84179.6 392.17   9353.28 43.5745   0 0
2 14   0 0   0 0   0 0   0 0   0 0   0 0   0 0   0 0   0 0   0 0   -1 -1   -1 -1   -1 -1   -1 -1   -1 -1   -1 -1   -1 -1   -1 -1   -1 -1   -1 -1
2 24   0 0   0 0   0 0   0 0   0 0   0 0   0 0   0 0   0 0   0 0   -1 -1   -1 -1   -1 -1   -1 -1   -1 -1   -1 -1   -1 -1   -1 -1   -1 -1   -1 -1
2 30   0 0   0 0   0 0   0 0   0 0   0 0   0 0   0 0   0 0   0 0   -1 -1   -1 -1   -1 -1   -1 -1   -1 -1   -1 -1   -1 -1   -1 -1   -1 -1   -1 -1
# vtk DataFile Version 2.0
target_e
ASCII
DATASET POLYDATA
POINTS 121 float
-4.000000 -0.000000 196.000000
-5.000000 -0.000000 195.000000
-4.000000 -0.000000 195.000000
-5.000000 -0.000000 196.000000
-4.000000 -0.000000 197.000000
-5.000000 -0.000000 197.000000
-4.000000 -0.000000 198.000000
-5.000000 -0.000000 198.000000
-4.000000 -0.000000 199.000000
-5.000000 -0.000000 199.000000
-4.000000 0.000000 200.000000
-5.000000 0.000000 200.000000
-4.000000 0.000000 201.000000
-5.000000 0.000000 201.000000
-4.000000 0.000000 202.000000
-5.000000 0.000000 202.000000
-4.000000 0.000000 203.000000
-5.000000 0.000000 203.000000
-4.000000 0.000000 204.000000
-5.000000 0.000000 204.000000
-4.000000 0.000000 205.000000
-5.000000 0.000000 205.000000
-3.000000 -0.000000 196.000000
-3.000000 -0.000000 195.000000
-3.000000 -0.000000 197.000000
-3.000000 -0.000000 198.000000
-3.000000 -0.000000 199.000000
-3.000000 0.000000 200.000000
-3.000000 0.000000 201.000000
-3.000000 0.000000 202.000000
-3.000000 0.000000 203.000000
-3.000000 0.000000 204.000000
-3.000000 0.000000 205.000000
-2.000000 -0.000000 196.000000
-2.000000 -0.000000 195.000000
-2.000000 -0.000000 197.000000
-2.000000 -0.000000 198.000000
-2.000000 -0.000000 199.000000
-2.000000 0.000000 200.000000
-2.000000 0.000000 201.000000
-2.000000 0.000000 202.000000
-2.000000 0.000000 203.000000
-2.000000 0.000000 204.000000
-2.000000 0.000000 205.000000
-1.000000 -0.000000 196.000000
-1.000000 -0.000000 195.000000
-1.000000 -0.000000 197.000000
-1.000000 -0.000000 198.000000
-1.000000 -0.000000 199.000000
-1.000000 0.000000 200.000000
-1.000000 0.000000 201.000000
-1.000000 0.000000 202.000000
-1.000000 0.000000 203.000000
-1.000000 0.000000 204.000000
-1.000000 0.000000 205.000000
0.000000 -0.000000 196.000000
0.000000 -0.000000 195.000000
0.000000 -0.000000 197.000000
0.000000 -0.000000 198.000000
0.000000 -0.000000 199.000000
0.000000 0.000000 200.000000
0.000000 0.000000 201.000000
0.000000 0.000000 202.000000
0.000000 0.000000 203.000000
0.000000 0.000000 204.000000
0.000000 0.000000 205.000000
1.000000 -0.000000 196.000000
1.000000 -0.000000 195.000000
1.000000 -0.000000 197.000000
1.000000 -0.000000 198.000000
1.000000 -0.000000 199.000000
1.000000 0.000000 200.000000
1.000000 0.000000 201.000000
1.000000 0.000000 202.000000
1.000000 0.000000 203.000000
1.000000 0.000000 204.000000
1.000000 0.000000 205.000000
2.000000 -0.000000 196.000000
2.000000 -0.000000 195.000000
2.000000 -0.000000 197.000000
2.000000 -0.000000 198.000000
2.000000 -0.000000 199.000000
2.000000 0.000000 200.000000
2.000000 0.000000 201.000000
2.000000 0.000000 202.000000
2.000000 0.000000 203.000000
2.000000 0.000000 204.000000
2.000000 0.000000 205.000000
3.000000 -0.000000 196.000000
3.000000 -0.000000 195.000000
3.000000 -0.000000 197.000000
3.000000 -0.000000 198.000000
3.000000 -0.000000 199.000000
3.000000 0.000000 200.000000
3.000000 0.000000 201.000000
3.000000 0.000000 202.000000
3.000000 0.000000 203.000000
3.000000 0.000000 204.000000
3.000000 0.000000 205.000000
4.000000 -0.000000 196.000000
4.000000 -0.000000 195.000000
4.000000 -0.000000 197.000000
4.000000 -0.000000 198.000000
4.000000 -0.000000 199.000000
4.000000 0.000000 200.000000
4.000000 0.000000 201.000000
4.000000 0.000000 202.000000
4.000000 0.000000 203.000000
4.000000 0.000000 204.000000
4.000000 0.000000 205.000000
5.000000 -0.000000 196.000000
5.000000 -0.000000 195.000000
5.000000 -0.000000 197.000000
5.000000 -0.000000 198.000000
5.000000 -0.000000 199.000000
5.000000 0.000000 200.000000
5.000000 0.000000 201.000000
5.000000 0.000000 202.000000
5.000000 0.000000 203.000000
5.000000 0.000000 204.000000
5.000000 0.000000 205.000000
POLYGONS 200 800
3 0 1 2
3 0 3 1
3 4 3 0
3 4 5 3
3 6 5 4
3 6 7 5
3 8 7 6
3 8 9 7
3 10 9 8
3 10 11 9
3 12 11 10
3 12 13 11
3 14 13 12
3 14 15 13
3 16 15 14
3 16 17 15
3 18 17 16
3 18 19 17
3 20 19 18
3 20 21 19
3 22 2 23
3 22 0 2
3 24 0 22
3 24 4 0
3 25 4 24
3 25 6 4
3 26 6 25
3 26 8 6
3 27 8 26
3 27 10 8
3 28 10 27
3 28 12 10
3 29 12 28
3 29 14 12
3 30 14 29
3 30 16 14
3 31 16 30
3 31 18 16
3 32 18 31
3 32 20 18
3 33 23 34
3 33 22 23
3 35 22 33
3 35 24 22
3 36 24 35
3 36 25 24
3 37 25 36
3 37 26 25
3 38 26 37
3 38 27 26
3 39 27 38
3 39 28 27
3 40 28 39
3 40 29 28
3 41 29 40
3 41 30 29
3 42 30 41
3 42 31 30
3 43 31 42
3 43 32 31
3 44 34 45
3 44 33 34
3 46 33 44
3 46 35 33
3 47 35 46
3 47 36 35
3 48 36 47
3 48 37 36
3 49 37 48
3 49 38 37
3 50 38 49
3 50 39 38
3 51 39 50
3 51 40 39
3 52 40 51
3 52 41 40
3 53 41 52
3 53 42 41
3 54 42 53
3 54 43 42
3 55 45 56
3 55 44 45
3 57 44 55
3 57 46 44
3 58 46 57
3 58 47 46
3 59 47 58
3 59 48 47
3 60 48 59
3 60 49 48
3 61 49 60
3 61 50 49
3 62 50 61
3 62 51 50
3 63 51 62
3 63 52 51
3 64 52 63
3 64 53 52
3 65 53 64
3 65 54 53
3 66 56 67
3 66 55 56
3 68 55 66
3 68 57 55
3 69 57 68
3 69 58 57
3 70 58 69
3 70 59 58
3 71 59 70
3 71 60 59
3 72 60 71
3 72 61 60
3 73 61 72
3 73 62 61
3 74 62 73
3 74 63 62
3 75 63 74
3 75 64 63
3 76 64 75
3 76 65 64
3 77 67 78
3 77 66 67
3 79 66 77
3 79 68 66
3 80 68 79
3 80 69 68
3 81 69 80
3 81 70 69
3 82 70 81
3 82 71 70
3 83 71 82
3 83 72 71
3 84 72 83
3 84 73 72
3 85 73 84
3 85 74 73
3 86 74 85
3 86 75 74
3 87 75 86
3 87 76 75
3 88 78 89
3 88 77 78
3 90 77 88
3 90 79 77
3 91 79 90
3 91 80 79
3 92 80 91
3 92 81 80
3 93 81 92
3 93 82 81
3 94 82 93
3 94 83 82
3 95 83 94
3 95 84 83
3 96 84 95
3 96 85 84
3 97 85 96
3 97 86 85
3 98 86 97
3 98 87 86
3 99 89 100
3 99 88 89
3 101 88 99
3 101 90 88
3 102 90 101
3 102 91 90
3 103 91 102
3 103 92 91
3 104 92 103
3 104 93 92
3 105 93 104
3 105 94 93
3 106 94 105
3 106 95 94
3 107 95 106
3 107 96 95
3 108 96 107
3 108 97 96
3 109 97 108
3 109 98 97
3 110 100 111
3 110 99 100
3 112 99 110
3 112 101 99
3 113 101 112
3 113 102 101
3 114 102 113
3 114 103 102
3 115 103 114
3 115 104 103
3 116 104 115
3 116 105 104
3 117 105 116
3 117 106 105
3 118 106 117
3 118 107 106
3 119 107 118
3 119 108 107
3 120 108 119
3 120 109 108
CELL_DATA 200
SCALARS Front_faces_Incoming_flux double 2
LOOKUP_TABLE default
0 0
0 0
0 0
0 0
0 0
0 0
0 0
0 0
0 0
0 0
0 0
0 0
0 0
0 0
0 0
0 0
0 0
0 0
0 0
0 0
0 0
0 0
0 0
0 0
0 0
0 0
0 0
0 0
0 0
0 0
0 0
0 0
0 0
0 0
0 0
0 0
0 0
0 0
0 0
0 0
0 0
0 0
0 0
0 0
0 0
0 0
0 0
0 0
0 0
0 0
0 0
0 0
0 0
0 0
0 0
0 0
0 0
0 0
0 0
0 0
0 0
0 0
0 0
0 0
0 0
0 0
0 0
0 0
0 0
0 0
0 0
0 0
0 0
0 0
0 0
0 0
0 0
0 0
0 0
0 0
0 0
0 0
0 0
0 0
0 0
0 0
0 0
0 0
0 0
0 0
0 0
0 0
0 0
0 0
0 0
0 0
0 0
0 0
0 0
0 0
0 0
0 0
0 0
0 0
0 0
0 0
0 0
0 0
0 0
0 0
0 0
0 0
0 0
0 0
0 0
0 0
0 0
0 0
0 0
0 0
0 0
0 0
0 0
0 0
0 0
0 0
0 0
0 0
0 0
0 0
0 0
0 0
0 0
0 0
0 0
0 0
0 0
0 0
0 0
0 0
0 0
0 0
0 0
0 0
0 0
0 0
0 0
0 0
0 0
0 0
0 0
0 0
0 0
0 0
0 0
0 0
0 0
0 0
0 0
0 0
0 0
0 0
0 0
0 0
0 0
0 0
0 0
0 0
0 0
0 0
0 0
0 0
0 0
0 0
0 0
0 0
0 0
0 0
0 0
0 0
0 0
0 0
0 0
0 0
0 0
0 0
0 0
0 0
0 0
0 0
0 0
0 0
0 0
0 0
0 0
0 0
0 0
0 0
0 0
0 0
SCALARS Front_faces_Absorbed_flux double 2
LOOKUP_TABLE default
0 0
0 0
0 0
0 0
0 0
0 0
0 0
0 0
0 0
0 0
0 0
0 0
0 0
0 0
0 0
0 0
0 0
0 0
0 0
0 0
0 0
0 0
0 0
0 0
0 0
0 0
0 0
0 0
0 0
0 0
0 0
0 0
0 0
0 0
0 0
0 0
0 0
0 0
0 0
0 0
0 0
0 0
0 0
0 0
0 0
0 0
0 0
0 0
0 0
0 0
0 0
0 0
0 0
0 0
0 0
0 0
0 0
0 0
0 0
0 0
0 0
0 0
0 0
0 0
0 0
0 0
0 0
0 0
0 0
0 0
0 0
0 0
0 0
0 0
0 0
0 0
0 0
0 0
0 0
0 0
0 0
0 0
0 0
0 0
0 0
0 0
0 0
0 0
0 0
0 0
0 0
0 0
0 0
0 0
0 0
0 0
0 0
0 0
0 0
0 0
0 0
0 0
0 0
0 0
0 0
0 0
0 0
0 0
0 0
0 0
0 0
0 0
0 0
0 0
0 0
0 0
0 0
0 0
0 0
0 0
0 0
0 0
0 0
0 0
0 0
0 0
0 0
0 0
0 0
0 0
0 0
0 0
0 0
0 0
0 0
0 0
0 0
0 0
0 0
0 0
0 0
0 0
0 0
0 0
0 0
0 0
0 0
0 0
0 0
0 0
0 0
0 0
0 0
0 0
0 0
0 0
0 0
0 0
0 0
0 0
0 0
0 0
0 0
0 0
0 0
0 0
0 0
0 0
0 0
0 0
0 0
0 0
0 0
0 0
0 0
0 0
0 0
0 0
0 0
0 0
0 0
0 0
0 0
0 0
0 0
0 0
0 0
0 0
0 0
0 0
0 0
0 0
0 0
0 0
0 0
0 0
0 0
0 0
0 0
0 0
SCALARS Back_faces_Incoming_flux double 2
LOOKUP_TABLE default
0 0
0 0
0 0
0 0
0 0
0 0
0 0
0 0
0 0
0 0
0 0
0 0
0 0
0 0
5.32387 5.32384
0 0
0 0
5.33602 5.33599
5.33221 5.33219
0 0
0 0
0 0
5.36445 5.36443
5.36554 5.36551
10.7182 7.57885
0 0
21.42 10.7098
26.7733 11.9731
26.755 11.9649
16.027 9.2531
69.5532 19.2894
32.1215 13.1132
117.603 25.0704
48.1329 16.0436
74.8207 19.9953
58.8537 17.7441
96.1069 22.6506
26.7154 11.9472
64.1338 18.5128
16.0143 9.24574
69.6803 19.3246
48.2354 16.0778
203.507 33.007
117.896 25.1328
417.662 47.2726
198.138 32.5677
706.548 61.4567
417.617 47.2675
1027.57 74.0872
497.587 51.5735
1295.17 83.1564
540.439 53.7487
1166.16 78.8962
598.876 56.5569
1299.49 83.2614
582.521 55.7652
999.528 73.0246
529.188 53.1592
694.738 60.8931
342.05 42.7427
605.516 56.9301
492.869 51.3615
1451.15 88.0317
1199.67 80.0668
2913.04 124.556
2088.39 105.544
4668.55 157.406
3190.63 130.304
6551.57 186.115
4201.77 149.378
7310.44 196.441
4639.63 156.886
7399.91 197.602
4381.6 152.478
5767.1 174.701
3599.61 138.287
4417.98 153.085
2471.1 114.701
2235.81 109.128
1358.1 85.1066
2210.89 108.566
1997.45 103.231
4653.17 157.161
4460.15 153.89
8137.74 207.137
7614.33 200.481
12205 252.676
10920.6 239.308
15245.2 281.572
13580.1 266.173
15489.6 283.736
13303.8 263.488
13513.3 265.508
11654.6 246.994
10569.1 235.465
8362.54 209.864
6816.92 189.767
5253.06 166.807
3659.63 139.45
2765.55 121.314
2612.03 117.952
3543.88 137.28
5412 169.347
7007.49 192.412
8419.58 210.613
10936.8 239.484
12049.7 251.099
14298.3 272.941
13751.4 267.802
16219.4 290.157
13242.7 262.928
14832 277.831
10593.1 235.755
11840.1 248.947
7675.63 201.235
7872.23 203.739
4453.58 153.757
4533.49 155.112
2055.57 104.696
2279.39 110.201
1337.45 84.4824
2279.64 110.214
2284.65 110.326
3890.19 143.754
3676.95 139.802
6026.61 178.586
4506.32 154.643
7755.97 202.271
4833.28 160.114
7563.58 199.787
4331.1 151.657
6327.3 182.948
3485.68 136.17
4823.85 159.98
2056.03 104.72
3046.15 127.338
996.112 72.9707
1616.81 92.8968
551.454 54.3085
728.146 62.3957
203.186 32.9549
556.078 54.4997
390.58 45.6973
893.618 69.0926
449.434 49.0168
1081.02 75.9835
620.736 57.6006
1455.43 88.1288
497.757 51.5911
1177.62 79.3076
551.561 54.3191
1027.86 74.1086
348.059 43.1574
738.878 62.8542
176.691 30.7529
396.159 46.0357
74.9784 20.0375
208.855 33.4371
21.4204 10.71
96.4394 22.729
10.6802 7.55197
37.3989 14.135
10.6928 7.56091
64.1545 18.5187
74.8332 19.9987
80.29 20.7293
69.5167 19.2793
117.773 25.1066
5.36901 5.36898
58.8519 17.7436
16.0719 9.27904
48.2132 16.0704
0 0
37.4838 14.1671
21.4449 10.7222
16.0971 9.29354
0 0
5.36057 5.36054
0 0
0 0
5.36659 5.36656
0 0
0 0
0 0
0 0
0 0
0 0
0 0
0 0
0 0
0 0
0 0
0 0
0 0
0 0
0 0
0 0
0 0
0 0
0 0
SCALARS Back_faces_Absorbed_flux double 2
LOOKUP_TABLE default
0 0
0 0
0 0
0 0
0 0
0 0
0 0
0 0
0 0
0 0
0 0
0 0
0 0
0 0
5.32387 5.32384
0 0
0 0
5.33602 5.33599
5.33221 5.33219
0 0
0 0
0 0
5.36445 5.36443
5.36554 5.36551
10.7182 7.57885
0 0
21.42 10.7098
26.7733 11.9731
26.755 11.9649
16.027 9.2531
69.5532 19.2894
32.1215 13.1132
117.603 25.0704
48.1329 16.0436
74.8207 19.9953
58.8537 17.7441
96.1069 22.6506
26.7154 11.9472
64.1338 18.5128
16.0143 9.24574
69.6803 19.3246
48.2354 16.0778
203.507 33.007
117.896 25.1328
417.662 47.2726
198.138 32.5677
706.548 61.4567
417.617 47.2675
1027.57 74.0872
497.587 51.5735
1295.17 83.1564
540.439 53.7487
1166.16 78.8962
598.876 56.5569
1299.49 83.2614
582.521 55.7652
999.528 73.0246
529.188 53.1592
694.738 60.8931
342.05 42.7427
605.516 56.9301
492.869 51.3615
1451.15 88.0317
1199.67 80.0668
2913.04 124.556
2088.39 105.544
4668.55 157.406
3190.63 130.304
6551.57 186.115
4201.77 149.378
7310.44 196.441
4639.63 156.886
7399.91 197.602
4381.6 152.478
5767.1 174.701
3599.61 138.287
4417.98 153.085
2471.1 114.701
2235.81 109.128
1358.1 85.1066
2210.89 108.566
1997.45 103.231
4653.17 157.161
4460.15 153.89
8137.74 207.137
7614.33 200.481
12205 252.676
10920.6 239.308
15245.2 281.572
13580.1 266.173
15489.6 283.736
13303.8 263.488
13513.3 265.508
11654.6 246.994
10569.1 235.465
8362.54 209.864
6816.92 189.767
5253.06 166.807
3659.63 139.45
2765.55 121.314
2612.03 117.952
3543.88 137.28
5412 169.347
7007.49 192.412
8419.58 210.613
10936.8 239.484
12049.7 251.099
14298.3 272.941
13751.4 267.802
16219.4 290.157
13242.7 262.928
14832 277.831
10593.1 235.755
11840.1 248.947
7675.63 201.235
7872.23 203.739
4453.58 153.757
4533.49 155.112
2055.57 104.696
2279.39 110.201
1337.45 84.4824
2279.64 110.214
2284.65 110.326
3890.19 143.754
3676.95 139.802
6026.61 178.586
4506.32 154.643
7755.97 202.271
4833.28 160.114
7563.58 199.787
4331.1 151.657
6327.3 182.948
3485.68 136.17
4823.85 159.98
2056.03 104.72
3046.15 127.338
996.112 72.9707
1616.81 92.8968
551.454 54.3085
728.146 62.3957
203.186 32.9549
556.078 54.4997
390.58 45.6973
893.618 69.0926
449.434 49.0168
1081.02 75.9835
620.736 57.6006
1455.43 88.1288
497.757 51.5911
1177.62 79.3076
551.561 54.3191
1027.86 74.1086
348.059 43.1574
738.878 62.8542
176.691 30.7529
396.159 46.0357
74.9784 20.0375
208.855 33.4371
21.4204 10.71
96.4394 22.729
10.6802 7.55197
37.3989 14.135
10.6928 7.56091
64.1545 18.5187
74.8332 19.9987
80.29 20.7293
69.5167 19.2793
117.773 25.1066
5.36901 5.36898
58.8519 17.7436
16.0719 9.27904
48.2132 16.0704
0 0
37.4838 14.1671
21.4449 10.7222
16.0971 9.29354
0 0
5.36057 5.36054
0 0
0 0
5.36659 5.36656
0 0
0 0
0 0
0 0
0 0
0 0
0 0
0 0
0 0
0 0
0 0
0 0
0 0
0 0
0 0
0 0
0 0
0 0
0 0
# vtk DataFile Version 2.0
virtual_target_e
ASCII
DATASET POLYDATA
POINTS 25 float
-50.000000 5.000000 150.000000
-100.000000 5.000000 100.000000
-50.000000 5.000000 100.000000
-100.000000 5.000000 150.000000
-50.000000 5.000000 200.000000
-100.000000 5.000000 200.000000
-50.000000 5.000000 250.000000
-100.000000 5.000000 250.000000
-50.000000 5.000000 300.000000
-100.000000 5.000000 300.000000
0.000000 5.000000 150.000000
0.000000 5.000000 100.000000
0.000000 5.000000 200.000000
0.000000 5.000000 250.000000
0.000000 5.000000 300.000000
50.000000 5.000000 150.000000
50.000000 5.000000 100.000000
50.000000 5.000000 200.000000
50.000000 5.000000 250.000000
50.000000 5.000000 300.000000
100.000000 5.000000 150.000000
100.000000 5.000000 100.000000
100.000000 5.000000 200.000000
100.000000 5.000000 250.000000
100.000000 5.000000 300.000000
POLYGONS 32 128
3 0 1 2
3 0 3 1
3 4 3 0
3 4 5 3
3 6 5 4
3 6 7 5
3 8 7 6
3 8 9 7
3 10 2 11
3 10 0 2
3 12 0 10
3 12 4 0
3 13 4 12
3 13 6 4
3 14 6 13
3 14 8 6
3 15 11 16
3 15 10 11
3 17 10 15
3 17 12 10
3 18 12 17
3 18 13 12
3 19 13 18
3 19 14 13
3 20 16 21
3 20 15 16
3 22 15 20
3 22 17 15
3 23 17 22
3 23 18 17
3 24 18 23
3 24 19 18
CELL_DATA 32
SCALARS Front_faces_Incoming_flux double 2
LOOKUP_TABLE default
0 0
0 0
0 0
0 0
0 0
0 0
0 0
0 0
0 0
0 0
0 0
0 0
0 0
0 0
0 0
0 0
0 0
0 0
0 0
0 0
0 0
0 0
0 0
0 0
0 0
0 0
0 0
0 0
0 0
0 0
0 0
0 0
