#1				
float	CarboHSP_hT	(1540,2)	#T(K)	h(J/kg)
263	1			
291	1			
292	1			
293	1			
294	1			
295	1			
296	1			
297	1			
298	1			
299	734.1764494976			
300	1598.7415469428			
301	2464.1984720578			
302	3330.5451773202			
303	4197.7796266762			
304	5065.899795439			
305	5934.9036701876			
306	6804.7892486681			
307	7675.5545396946			
308	8547.1975630528			
309	9419.716349404			
310	10293.10894019			
311	11167.3733875397			
312	12042.5077541769			
313	12918.5101133282			
314	13795.3785486334			
315	14673.1111540556			
316	15551.7060337936			
317	16431.1613021939			
318	17311.4750836653			
319	18192.6455125934			
320	19074.6707332561			
321	19957.5488997412			
322	20841.278175863			
323	21725.8567350821			
324	22611.2827604243			
325	23497.5544444013			
326	24384.6699889321			
327	25272.6276052656			
328	26161.4255139034			
329	27051.061944524			
330	27941.5351359079			
331	28832.843335863			
332	29724.9848011514			
333	30617.957797417			
334	31511.7605991131			
335	32406.391489432			
336	33301.8487602345			
337	34198.1307119805			
338	35095.2356536602			
339	35993.1619027264			
340	36891.9077850271			
341	37791.471634739			
342	38691.8517943021			
343	39593.046614354			
344	40495.0544536665			
345	41397.873679081			
346	42301.5026654459			
347	43205.9397955547			
348	44111.1834600837			
349	45017.2320575316			
350	45924.0839941588			
351	46831.7376839277			
352	47740.1915484438			
353	48649.4440168973			
354	49559.493526005			
355	50470.3385199534			
356	51381.9774503418			
357	52294.4087761261			
358	53207.6309635638			
359	54121.6424861589			
360	55036.4418246072			
361	55952.0274667433			
362	56868.3979074866			
363	57785.5516487888			
364	58703.4871995822			
365	59622.2030757277			
366	60541.6977999634			
367	61461.9699018549			
368	62383.0179177443			
369	63304.8403907011			
370	64227.4358704732			
371	65150.8029134381			
372	66074.9400825548			
373	66999.8459473162			
374	67925.5190837021			
375	68851.9580741324			
376	69779.1615074209			
377	70707.1279787292			
378	71635.856089522			
379	72565.3444475218			
380	73495.5916666645			
381	74426.5963670554			
382	75358.3571749256			
383	76290.872722589			
384	77224.1416483994			
385	78158.162596708			
386	79092.9342178219			
387	80028.4551679622			
388	80964.7241092229			
389	81901.7397095304			
390	82839.5006426028			
391	83778.0055879103			
392	84717.2532306352			
393	85657.242261633			
394	86597.9713773934			
395	87539.4392800019			
396	88481.6446771014			
397	89424.5862818548			
398	90368.2628129075			
399	91312.6729943497			
400	92257.8155556809			
401	93203.6892317722			
402	94150.2927628311			
403	95097.6248943655			
404	96045.6843771481			
405	96994.4699671817			
406	97943.9804256643			
407	98894.2145189543			
408	99845.171018537			
409	100796.84870099			
410	101749.246347951			
411	102702.362746083			
412	103656.196687043			
413	104610.746967446			
414	105566.012388838			
415	106521.99175766			
416	107478.683885218			
417	108436.087587649			
418	109394.201685894			
419	110353.025005664			
420	111312.556377409			
421	112272.79463629			
422	113233.738622147			
423	114195.38717947			
424	115157.739157369			
425	116120.793409546			
426	117084.548794263			
427	118049.004174317			
428	119014.158417006			
429	119980.010394109			
430	120946.558981848			
431	121913.803060868			
432	122881.741516206			
433	123850.373237265			
434	124819.697117783			
435	125789.712055813			
436	126760.41695369			
437	127731.810718008			
438	128703.892259591			
439	129676.660493472			
440	130650.114338861			
441	131624.252719124			
442	132599.074561755			
443	133574.578798354			
444	134550.764364596			
445	135527.630200215			
446	136505.175248971			
447	137483.398458631			
448	138462.298780943			
449	139441.875171613			
450	140422.12659028			
451	141403.052000493			
452	142384.650369688			
453	143366.920669164			
454	144349.861874062			
455	145333.472963339			
456	146317.75291975			
457	147302.70072982			
458	148288.315383827			
459	149274.595875777			
460	150261.541203381			
461	151249.150368037			
462	152237.422374806			
463	153226.356232393			
464	154215.95095312			
465	155206.205552913			
466	156197.119051276			
467	157188.69047127			
468	158180.918839496			
469	159173.803186071			
470	160167.342544612			
471	161161.53595221			
472	162156.382449417			
473	163151.881080221			
474	164148.030892028			
475	165144.830935644			
476	166142.280265255			
477	167140.377938405			
478	168139.123015983			
479	169138.514562198			
480	170138.551644564			
481	171139.233333882			
482	172140.558704218			
483	173142.526832887			
484	174145.136800437			
485	175148.387690626			
486	176152.27859041			
487	177156.80858992			
488	178161.976782447			
489	179167.782264426			
490	180174.224135416			
491	181181.301498083			
492	182189.013458184			
493	183197.359124553			
494	184206.337609076			
495	185215.948026684			
496	186226.18949533			
497	187237.061135974			
498	188248.562072569			
499	189260.691432041			
500	190273.448344277			
501	191286.831942105			
502	192300.841361284			
503	193315.47574048			
504	194330.734221258			
505	195346.615948063			
506	196363.120068204			
507	197380.245731842			
508	198397.992091972			
509	199416.358304408			
510	200435.343527769			
511	201454.946923466			
512	202475.167655684			
513	203496.004891368			
514	204517.45780021			
515	205539.525554635			
516	206562.207329785			
517	207585.502303505			
518	208609.40965633			
519	209633.928571471			
520	210659.058234798			
521	211684.797834832			
522	212711.146562726			
523	213738.103612255			
524	214765.668179801			
525	215793.839464338			
526	216822.616667421			
527	217851.998993174			
528	218881.985648273			
529	219912.575841935			
530	220943.768785907			
531	221975.563694449			
532	223007.959784325			
533	224040.956274789			
534	225074.552387571			
535	226108.747346867			
536	227143.540379324			
537	228178.930714032			
538	229214.917582505			
539	230251.500218675			
540	231288.677858877			
541	232326.449741839			
542	233364.815108667			
543	234403.773202835			
544	235443.323270175			
545	236483.464558861			
546	237524.196319403			
547	238565.51780463			
548	239607.428269682			
549	240649.926971997			
550	241693.013171302			
551	242736.686129599			
552	243780.945111155			
553	244825.789382491			
554	245871.218212373			
555	246917.230871798			
556	247963.826633983			
557	249011.004774357			
558	250058.764570549			
559	251107.105302378			
560	252156.026251839			
561	253205.5267031			
562	254255.605942482			
563	255306.263258456			
564	256357.497941632			
565	257409.309284743			
566	258461.696582642			
567	259514.659132289			
568	260568.196232739			
569	261622.307185136			
570	262676.9912927			
571	263732.247860718			
572	264788.076196535			
573	265844.475609545			
574	266901.445411179			
575	267958.984914896			
576	269017.093436176			
577	270075.770292507			
578	271135.01480338			
579	272194.826290274			
580	273255.204076652			
581	274316.147487949			
582	275377.655851563			
583	276439.728496847			
584	277502.364755098			
585	278565.563959553			
586	279629.325445373			
587	280693.648549638			
588	281758.53261134			
589	282823.976971371			
590	283889.980972514			
591	284956.543959438			
592	286023.665278685			
593	287091.344278667			
594	288159.580309652			
595	289228.372723756			
596	290297.720874941			
597	291367.624118998			
598	292438.081813546			
599	293509.093318017			
600	294580.657993656			
601	295652.775203505			
602	296725.444312399			
603	297798.664686957			
604	298872.435695577			
605	299946.756708423			
606	301021.627097419			
607	302097.046236243			
608	303173.013500317			
609	304249.528266803			
610	305326.589914588			
611	306404.197824286			
612	307482.35137822			
613	308561.049960425			
614	309640.292956632			
615	310720.079754264			
616	311800.40974243			
617	312881.282311915			
618	313962.696855175			
619	315044.652766326			
620	316127.149441142			
621	317210.186277044			
622	318293.762673095			
623	319377.878029988			
624	320462.531750048			
625	321547.723237217			
626	322633.451897049			
627	323719.717136707			
628	324806.51836495			
629	325893.854992131			
630	326981.726430186			
631	328070.132092632			
632	329159.071394557			
633	330248.543752613			
634	331338.548585014			
635	332429.08531152			
636	333520.153353442			
637	334611.752133627			
638	335703.881076453			
639	336796.539607827			
640	337889.727155173			
641	338983.443147428			
642	340077.687015038			
643	341172.458189945			
644	342267.75610559			
645	343363.580196897			
646	344459.929900275			
647	345556.804653607			
648	346654.203896246			
649	347752.127069006			
650	348850.573614161			
651	349949.542975434			
652	351049.034597994			
653	352149.047928449			
654	353249.58241484			
655	354350.637506634			
656	355452.212654721			
657	356554.307311407			
658	357656.920930406			
659	358760.052966838			
660	359863.702877218			
661	360967.870119458			
662	362072.554152853			
663	363177.754438081			
664	364283.470437195			
665	365389.701613619			
666	366496.447432142			
667	367603.707358909			
668	368711.480861422			
669	369819.767408528			
670	370928.56647042			
671	372037.877518626			
672	373147.700026005			
673	374258.033466745			
674	375368.877316354			
675	376480.231051656			
676	377592.094150785			
677	378704.466093183			
678	379817.34635959			
679	380930.734432041			
680	382044.629793862			
681	383159.031929664			
682	384273.940325338			
683	385389.354468048			
684	386505.273846231			
685	387621.697949585			
686	388738.626269071			
687	389856.058296902			
688	390973.993526544			
689	392092.431452706			
690	393211.371571338			
691	394330.813379624			
692	395450.75637598			
693	396571.200060047			
694	397692.143932688			
695	398813.587495982			
696	399935.530253218			
697	401057.971708893			
698	402180.911368707			
699	403304.348739555			
700	404428.283329529			
701	405552.714647906			
702	406677.642205147			
703	407803.065512894			
704	408928.984083963			
705	410055.39743234			
706	411182.305073177			
707	412309.706522787			
708	413437.60129864			
709	414565.98891936			
710	415694.868904716			
711	416824.240775623			
712	417954.104054137			
713	419084.458263446			
714	420215.30292787			
715	421346.637572856			
716	422478.461724974			
717	423610.77491191			
718	424743.576662467			
719	425876.866506555			
720	427010.643975191			
721	428144.908600494			
722	429279.659915678			
723	430414.897455053			
724	431550.620754018			
725	432686.829349055			
726	433823.522777729			
727	434960.700578682			
728	436098.362291628			
729	437236.507457352			
730	438375.135617703			
731	439514.246315591			
732	440653.839094984			
733	441793.913500904			
734	442934.469079423			
735	444075.505377656			
736	445217.021943763			
737	446359.018326941			
738	447501.494077422			
739	448644.448746467			
740	449787.881886366			
741	450931.79305043			
742	452076.181792991			
743	453221.047669396			
744	454366.390236005			
745	455512.209050184			
746	456658.503670306			
747	457805.273655744			
748	458952.51856687			
749	460100.237965047			
750	461248.431412631			
751	462397.098472964			
752	463546.23871037			
753	464695.851690155			
754	465845.9369786			
755	466996.494142957			
756	468147.522751451			
757	469299.022373269			
758	470450.992578564			
759	471603.432938445			
760	472756.343024977			
761	473909.72241118			
762	475063.570671019			
763	476217.887379406			
764	477372.672112197			
765	478527.924446183			
766	479683.643959094			
767	480839.830229591			
768	481996.482837262			
769	483153.601362624			
770	484311.185387115			
771	485469.234493091			
772	486627.748263826			
773	487786.726283506			
774	488946.168137226			
775	490106.073410988			
776	491266.441691698			
777	492427.272567162			
778	493588.565626082			
779	494750.320458055			
780	495912.536653569			
781	497075.213803999			
782	498238.351501605			
783	499401.949339529			
784	500566.006911792			
785	501730.523813289			
786	502895.499639791			
787	504060.933987935			
788	505226.826455228			
789	506393.176640037			
790	507559.984141593			
791	508727.248559983			
792	509894.969496151			
793	511063.14655189			
794	512231.779329846			
795	513400.867433508			
796	514570.410467209			
797	515740.408036123			
798	516910.859746264			
799	518081.765204476			
800	519253.12401844			
801	520424.935796663			
802	521597.200148479			
803	522769.916684048			
804	523943.085014348			
805	525116.704751177			
806	526290.775507148			
807	527465.296895686			
808	528640.268531028			
809	529815.690028216			
810	530991.561003099			
811	532167.881072325			
812	533344.649853345			
813	534521.866964403			
814	535699.532024541			
815	536877.644653587			
816	538056.204472165			
817	539235.211101678			
818	540414.664164318			
819	541594.563283055			
820	542774.908081637			
821	543955.698184592			
822	545136.933217217			
823	546318.612805581			
824	547500.736576523			
825	548683.304157646			
826	549866.315177317			
827	551049.769264663			
828	552233.666049571			
829	553418.005162683			
830	554602.786235394			
831	555788.008899851			
832	556973.672788947			
833	558159.777536325			
834	559346.322776369			
835	560533.308144205			
836	561720.733275699			
837	562908.597807451			
838	564096.901376797			
839	565285.643621806			
840	566474.824181273			
841	567664.442694724			
842	568854.498802407			
843	570044.992145294			
844	571235.922365076			
845	572427.289104164			
846	573619.092005681			
847	574811.330713467			
848	576004.004872072			
849	577197.114126753			
850	578390.658123476			
851	579584.63650891			
852	580779.048930426			
853	581973.895036096			
854	583169.174474689			
855	584364.886895668			
856	585561.031949192			
857	586757.60928611			
858	587954.618557958			
859	589152.059416963			
860	590349.931516032			
861	591548.234508758			
862	592746.968049412			
863	593946.131792945			
864	595145.725394983			
865	596345.748511825			
866	597546.200800446			
867	598747.081918485			
868	599948.391524254			
869	601150.129276727			
870	602352.294835543			
871	603554.887861004			
872	604757.908014069			
873	605961.354956356			
874	607165.228350137			
875	608369.527858339			
876	609574.253144541			
877	610779.403872969			
878	611984.979708498			
879	613190.980316647			
880	614397.405363582			
881	615604.254516106			
882	616811.527441665			
883	618019.22380834			
884	619227.34328485			
885	620435.885540546			
886	621644.850245411			
887	622854.237070059			
888	624064.045685731			
889	625274.275764293			
890	626484.926978238			
891	627695.999000679			
892	628907.491505349			
893	630119.404166602			
894	631331.736659407			
895	632544.488659347			
896	633757.659842619			
897	634971.249886032			
898	636185.258467003			
899	637399.685263556			
900	638614.529954322			
901	639829.792218535			
902	641045.471736031			
903	642261.568187247			
904	643478.081253217			
905	644695.010615573			
906	645912.35595654			
907	647130.11695894			
908	648348.293306182			
909	649566.884682266			
910	650785.890771781			
911	652005.311259902			
912	653225.145832386			
913	654445.394175576			
914	655666.055976393			
915	656887.13092234			
916	658108.618701494			
917	659330.519002511			
918	660552.831514621			
919	661775.555927623			
920	662998.691931892			
921	664222.239218367			
922	665446.197478558			
923	666670.566404539			
924	667895.345688949			
925	669120.535024988			
926	670346.13410642			
927	671572.142627565			
928	672798.560283303			
929	674025.386769067			
930	675252.621780848			
931	676480.265015186			
932	677708.316169177			
933	678936.774940461			
934	680165.641027229			
935	681394.91412822			
936	682624.593942715			
937	683854.680170539			
938	685085.172512059			
939	686316.070668183			
940	687547.374340356			
941	688779.083230561			
942	690011.197041316			
943	691243.715475674			
944	692476.638237219			
945	693709.965030068			
946	694943.695558866			
947	696177.829528786			
948	697412.366645527			
949	698647.306615315			
950	699882.649144898			
951	701118.393941544			
952	702354.540713046			
953	703591.089167713			
954	704828.039014371			
955	706065.389962365			
956	707303.141721552			
957	708541.294002303			
958	709779.846515501			
959	711018.79897254			
960	712258.151085321			
961	713497.902566254			
962	714738.053128256			
963	715978.602484745			
964	717219.550349646			
965	718460.896437383			
966	719702.640462883			
967	720944.782141571			
968	722187.321189368			
969	723430.257322693			
970	724673.59025846			
971	725917.319714075			
972	727161.445407438			
973	728405.967056939			
974	729650.884381456			
975	730896.197100358			
976	732141.904933498			
977	733388.007601215			
978	734634.504824334			
979	735881.396324159			
980	737128.68182248			
981	738376.361041562			
982	739624.433704153			
983	740872.899533476			
984	742121.758253231			
985	743371.009587593			
986	744620.65326121			
987	745870.688999201			
988	747121.116527159			
989	748371.935571144			
990	749623.145857686			
991	750874.747113781			
992	752126.739066892			
993	753379.121444944			
994	754631.893976329			
995	755885.056389899			
996	757138.608414966			
997	758392.549781302			
998	759646.88021914			
999	760901.599459167			
1000	762156.707232526			
1001	763412.203270816			
1002	764668.087306089			
1003	765924.35907085			
1004	767181.018298052			
1005	768438.064721101			
1006	769695.498073849			
1007	770953.318090599			
1008	772211.524506096			
1009	773470.117055532			
1010	774729.095474543			
1011	775988.459499208			
1012	777248.208866045			
1013	778508.343312014			
1014	779768.862574516			
1015	781029.766391386			
1016	782291.054500898			
1017	783552.726641761			
1018	784814.782553119			
1019	786077.221974549			
1020	787340.044646061			
1021	788603.250308094			
1022	789866.838701518			
1023	791130.809567632			
1024	792395.162648162			
1025	793659.897685262			
1026	794925.014421509			
1027	796190.512599906			
1028	797456.391963879			
1029	798722.652257276			
1030	799989.293224365			
1031	801256.314609834			
1032	802523.71615879			
1033	803791.49761676			
1034	805059.658729683			
1035	806328.199243917			
1036	807597.118906233			
1037	808866.417463816			
1038	810136.094664263			
1039	811406.150255581			
1040	812676.583986189			
1041	813947.395604913			
1042	815218.58486099			
1043	816490.151504061			
1044	817762.095284174			
1045	819034.415951782			
1046	820307.113257742			
1047	821580.186953313			
1048	822853.636790156			
1049	824127.462520334			
1050	825401.663896307			
1051	826676.240670935			
1052	827951.192597477			
1053	829226.519429587			
1054	830502.220921315			
1055	831778.296827105			
1056	833054.746901796			
1057	834331.570900618			
1058	835608.768579193			
1059	836886.339693535			
1060	838164.284000045			
1061	839442.601255515			
1062	840721.291217124			
1063	842000.353642436			
1064	843279.788289402			
1065	844559.594916359			
1066	845839.773282025			
1067	847120.323145503			
1068	848401.244266275			
1069	849682.536404208			
1070	850964.199319544			
1071	852246.232772909			
1072	853528.636525302			
1073	854811.410338102			
1074	856094.553973063			
1075	857378.067192315			
1076	858661.949758361			
1077	859946.201434079			
1078	861230.821982717			
1079	862515.811167895			
1080	863801.168753604			
1081	865086.894504206			
1082	866372.988184429			
1083	867659.449559369			
1084	868946.27839449			
1085	870233.474455622			
1086	871521.037508958			
1087	872808.967321057			
1088	874097.263658841			
1089	875385.926289593			
1090	876674.954980957			
1091	877964.34950094			
1092	879254.109617907			
1093	880544.235100581			
1094	881834.725718045			
1095	883125.581239735			
1096	884416.801435448			
1097	885708.386075332			
1098	887000.334929891			
1099	888292.647769984			
1100	889585.324366819			
1101	890878.364491959			
1102	892171.767917315			
1103	893465.534415152			
1104	894759.663758079			
1105	896054.155719058			
1106	897349.010071394			
1107	898644.226588743			
1108	899939.805045105			
1109	901235.745214822			
1110	902532.046872584			
1111	903828.709793423			
1112	905125.733752714			
1113	906423.118526171			
1114	907720.863889852			
1115	909018.969620153			
1116	910317.435493809			
1117	911616.261287895			
1118	912915.446779821			
1119	914214.991747337			
1120	915514.895968525			
1121	916815.159221805			
1122	918115.781285929			
1123	919416.761939985			
1124	920718.100963391			
1125	922019.798135898			
1126	923321.85323759			
1127	924624.266048876			
1128	925927.036350501			
1129	927230.163923534			
1130	928533.648549373			
1131	929837.490009745			
1132	931141.6880867			
1133	932446.242562617			
1134	933751.153220197			
1135	935056.419842466			
1136	936362.042212775			
1137	937668.020114795			
1138	938974.353332519			
1139	940281.041650263			
1140	941588.084852661			
1141	942895.482724667			
1142	944203.235051554			
1143	945511.341618914			
1144	946819.802212653			
1145	948128.616618998			
1146	949437.784624488			
1147	950747.306015977			
1148	952057.180580637			
1149	953367.408105949			
1150	954677.988379709			
1151	955988.921190025			
1152	957300.206325315			
1153	958611.84357431			
1154	959923.832726049			
1155	961236.17356988			
1156	962548.86589546			
1157	963861.909492753			
1158	965175.304152032			
1159	966489.049663873			
1160	967803.14581916			
1161	969117.592409082			
1162	970432.38922513			
1163	971747.5360591			
1164	973063.032703091			
1165	974378.878949502			
1166	975695.074591036			
1167	977011.619420695			
1168	978328.513231782			
1169	979645.755817897			
1170	980963.34697294			
1171	982281.286491111			
1172	983599.574166903			
1173	984918.209795108			
1174	986237.193170815			
1175	987556.524089404			
1176	988876.202346554			
1177	990196.227738235			
1178	991516.600060711			
1179	992837.319110537			
1180	994158.384684564			
1181	995479.796579929			
1182	996801.554594063			
1183	998123.658524684			
1184	999446.108169802			
1185	1000768.90332771			
1186	1002092.043797			
1187	1003415.52937654			
1188	1004739.35986549			
1189	1006063.5350633			
1190	1007388.05476968			
1191	1008712.91878467			
1192	1010038.12690855			
1193	1011363.6789419			
1194	1012689.5746856			
1195	1014015.81394079			
1196	1015342.39650889			
1197	1016669.32219161			
1198	1017996.59079094			
1199	1019324.20210916			
1200	1020652.1559488			
1201	1021980.45211269			
1202	1023309.09040393			
1203	1024638.0706259			
1204	1025967.39258227			
1205	1027297.05607695			
1206	1028627.06091417			
1207	1029957.40689839			
1208	1031288.09383437			
1209	1032619.12152715			
1210	1033950.48978202			
1211	1035282.19840455			
1212	1036614.2472006			
1213	1037946.63597628			
1214	1039279.36453796			
1215	1040612.43269232			
1216	1041945.84024627			
1217	1043279.587007			
1218	1044613.67278198			
1219	1045948.09737894			
1220	1047282.86060587			
1221	1048617.96227103			
1222	1049953.40218294			
1223	1051289.18015041			
1224	1052625.29598248			
1225	1053961.74948848			
1226	1055298.54047799			
1227	1056635.66876085			
1228	1057973.13414717			
1229	1059310.93644732			
1230	1060649.07547193			
1231	1061987.5510319			
1232	1063326.36293837			
1233	1064665.51100274			
1234	1066004.9950367			
1235	1067344.81485216			
1236	1068684.9702613			
1237	1070025.46107658			
1238	1071366.28711068			
1239	1072707.44817656			
1240	1074048.94408742			
1241	1075390.77465673			
1242	1076732.93969821			
1243	1078075.43902583			
1244	1079418.2724538			
1245	1080761.43979661			
1246	1082104.94086898			
1247	1083448.77548589			
1248	1084792.94346258			
1249	1086137.44461452			
1250	1087482.27875744			
1251	1088827.44570733			
1252	1090172.94528041			
1253	1091518.77729315			
1254	1092864.94156229			
1255	1094211.4379048			
1256	1095558.26613789			
1257	1096905.42607902			
1258	1098252.91754591			
1259	1099600.74035651			
1260	1100948.89432902			
1261	1102297.37928188			
1262	1103646.19503378			
1263	1104995.34140365			
1264	1106344.81821067			
1265	1107694.62527423			
1266	1109044.76241401			
1267	1110395.22944989			
1268	1111746.02620202			
1269	1113097.15249077			
1270	1114448.60813674			
1271	1115800.39296081			
1272	1117152.50678406			
1273	1118504.94942783			
1274	1119857.72071367			
1275	1121210.8204634			
1276	1122564.24849906			
1277	1123918.00464291			
1278	1125272.08871749			
1279	1126626.50054553			
1280	1127981.23995001			
1281	1129336.30675415			
1282	1130691.7007814			
1283	1132047.42185544			
1284	1133403.46980018			
1285	1134759.84443977			
1286	1136116.54559859			
1287	1137473.57310124			
1288	1138830.92677257			
1289	1140188.60643763			
1290	1141546.61192174			
1291	1142904.94305041			
1292	1144263.59964941			
1293	1145622.58154471			
1294	1146981.88856253			
1295	1148341.5205293			
1296	1149701.47727169			
1297	1151061.75861659			
1298	1152422.36439112			
1299	1153783.29442262			
1300	1155144.54853865			
1301	1156506.12656701			
1302	1157868.02833571			
1303	1159230.25367299			
1304	1160592.80240731			
1305	1161955.67436735			
1306	1163318.86938202			
1307	1164682.38728045			
1308	1166046.22789198			
1309	1167410.39104618			
1310	1168774.87657285			
1311	1170139.68430198			
1312	1171504.81406381			
1313	1172870.26568878			
1314	1174236.03900756			
1315	1175602.13385104			
1316	1176968.5500503			
1317	1178335.28743667			
1318	1179702.34584169			
1319	1181069.72509709			
1320	1182437.42503485			
1321	1183805.44548716			
1322	1185173.78628639			
1323	1186542.44726517			
1324	1187911.42825632			
1325	1189280.72909287			
1326	1190650.34960808			
1327	1192020.28963541			
1328	1193390.54900853			
1329	1194761.12756133			
1330	1196132.02512792			
1331	1197503.24154259			
1332	1198874.77663987			
1333	1200246.6302545			
1334	1201618.8022214			
1335	1202991.29237573			
1336	1204364.10055284			
1337	1205737.22658831			
1338	1207110.6703179			
1339	1208484.4315776			
1340	1209858.51020359			
1341	1211232.90603228			
1342	1212607.61890025			
1343	1213982.64864433			
1344	1215357.99510152			
1345	1216733.65810905			
1346	1218109.63750432			
1347	1219485.93312498			
1348	1220862.54480885			
1349	1222239.47239396			
1350	1223616.71571856			
1351	1224994.27462108			
1352	1226372.14894016			
1353	1227750.33851465			
1354	1229128.8431836			
1355	1230507.66278624			
1356	1231886.79716203			
1357	1233266.24615062			
1358	1234646.00959185			
1359	1236026.08732576			
1360	1237406.4791926			
1361	1238787.18503282			
1362	1240168.20468706			
1363	1241549.53799616			
1364	1242931.18480115			
1365	1244313.14494327			
1366	1245695.41826395			
1367	1247078.00460482			
1368	1248460.90380771			
1369	1249844.11571462			
1370	1251227.64016777			
1371	1252611.47700958			
1372	1253995.62608265			
1373	1255380.08722977			
1374	1256764.86029393			
1375	1258149.94511832			
1376	1259535.34154631			
1377	1260921.04942148			
1378	1262307.06858758			
1379	1263693.39888857			
1380	1265080.04016859			
1381	1266466.99227198			
1382	1267854.25504326			
1383	1269241.82832715			
1384	1270629.71196856			
1385	1272017.90581258			
1386	1273406.40970449			
1387	1274795.22348977			
1388	1276184.34701408			
1389	1277573.78012327			
1390	1278963.52266337			
1391	1280353.57448062			
1392	1281743.93542142			
1393	1283134.60533237			
1394	1284525.58406026			
1395	1285916.87145206			
1396	1287308.46735491			
1397	1288700.37161617			
1398	1290092.58408336			
1399	1291485.10460418			
1400	1292877.93302654			
1401	1294271.0691985			
1402	1295664.51296834			
1403	1297058.26418449			
1404	1298452.32269558			
1405	1299846.68835043			
1406	1301241.36099802			
1407	1302636.34048752			
1408	1304031.62666829			
1409	1305427.21938986			
1410	1306823.11850195			
1411	1308219.32385446			
1412	1309615.83529746			
1413	1311012.6526812			
1414	1312409.77585612			
1415	1313807.20467283			
1416	1315204.93898213			
1417	1316602.97863498			
1418	1318001.32348253			
1419	1319399.97337611			
1420	1320798.92816722			
1421	1322198.18770753			
1422	1323597.75184891			
1423	1324997.62044338			
1424	1326397.79334315			
1425	1327798.27040061			
1426	1329199.05146832			
1427	1330600.136399			
1428	1332001.52504557			
1429	1333403.2172611			
1430	1334805.21289885			
1431	1336207.51181225			
1432	1337610.11385491			
1433	1339013.0188806			
1434	1340416.22674326			
1435	1341819.73729701			
1436	1343223.55039616			
1437	1344627.66589515			
1438	1346032.08364863			
1439	1347436.8035114			
1440	1348841.82533844			
1441	1350247.14898489			
1442	1351652.77430607			
1443	1353058.70115747			
1444	1354464.92939474			
1445	1355871.4588737			
1446	1357278.28945035			
1447	1358685.42098086			
1448	1360092.85332154			
1449	1361500.5863289			
1450	1362908.6198596			
1451	1364316.95377048			
1452	1365725.58791853			
1453	1367134.52216092			
1454	1368543.75635497			
1455	1369953.2903582			
1456	1371363.12402825			
1457	1372773.25722296			
1458	1374183.68980033			
1459	1375594.42161851			
1460	1377005.45253581			
1461	1378416.78241074			
1462	1379828.41110194			
1463	1381240.33846821			
1464	1382652.56436855			
1465	1384065.08866209			
1466	1385477.91120813			
1467	1386891.03186614			
1468	1388304.45049574			
1469	1389718.16695673			
1470	1391132.18110904			
1471	1392546.4928128			
1472	1393961.10192827			
1473	1395376.00831589			
1474	1396791.21183625			
1475	1398206.7123501			
1476	1399622.50971835			
1477	1401038.60380207			
1478	1402454.9944625			
1479	1403871.68156102			
1480	1405288.66495919			
1481	1406705.9445187			
1482	1408123.52010142			
1483	1409541.39156937			
1484	1410959.55878473			
1485	1412378.02160984			
1486	1413796.77990719			
1487	1415215.83353942			
1488	1416635.18236934			
1489	1418054.82625992			
1490	1419474.76507426			
1491	1420894.99867565			
1492	1422315.5269275			
1493	1423736.3496934			
1494	1425157.46683708			
1495	1426578.87822245			
1496	1428000.58371353			
1497	1429422.58317453			
1498	1430844.87646979			
1499	1432267.46346384			
1500	1433690.34402131			
1501	1435113.51800702			
1502	1436536.98528594			
1503	1437960.74572317			
1504	1439384.79918399			
1505	1440809.14553381			
1506	1442233.78463819			
1507	1443658.71636287			
1508	1445083.9405737			
1509	1446509.45713671			
1510	1447935.26591807			
1511	1449361.36678411			
1512	1450787.75960128			
1513	1452214.44423621			
1514	1453641.42055568			
1515	1455068.68842659			
1516	1456496.24771601			
1517	1457924.09829116			
1518	1459352.24001939			
1519	1460780.67276823			
1520	1462209.39640532			
1521	1463638.41079847			
1522	1465067.71581563			
1523	1466497.31132491			
1524	1467927.19719453			
1525	1469357.37329291			
1526	1470787.83948857			
1527	1472218.59565019			
1528	1473649.6416466			
1529	1475080.97734678			
1530	1476512.60261985			
1531	1477944.51733506			
1532	1479376.72136182			
1533	1480809.21456969			
1534	1482241.99682836			
1535	1483675.06800767			
1536	1485108.4279776			
1537	1486542.07660827			
1538	1487976.01376996			
1539	1489410.23933307			
1540	1490844.75316816			
1541	1492279.55514592			
1542	1493714.64513719			
1543	1495150.02301295			
1544	1496585.68864432			
1545	1498021.64190255			
1546	1499457.88265906			
1547	1500894.41078538			
1548	1502331.2261532			
1549	1503768.32863433			
1550	1505205.71810076			
1551	1506643.39442456			
1552	1508081.357478			
1553	1509519.60713345			
1554	1510958.14326343			
1555	1512396.9657406			
1556	1513836.07443775			
1557	1515275.46922783			
1558	1516715.14998391			
1559	1518155.11657919			
1560	1519595.36888703			
1561	1521035.90678092			
1562	1522476.73013447			
1563	1523917.83882146			
1564	1525359.23271576			
1565	1526800.91169143			
1566	1528242.87562262			
1567	1529685.12438365			
1568	1531127.65784894			
1569	1532570.47589309			
1570	1534013.57839079			
1571	1535456.96521691			
1572	1536900.6362464			
1573	1538344.59135441			
1574	1539788.83041616			
1575	1541233.35330705			
1576	1542678.1599026			
1577	1544123.25007844			
1578	1545568.62371038			
1579	1547014.28067432			
1580	1548460.22084632			
1581	1549906.44410256			
1582	1551352.95031935			
1583	1552799.73937315			
1584	1554246.81114052			
1585	1555694.16549819			
1586	1557141.802323			
1587	1558589.72149191			
1588	1560037.92288204			
1589	1561486.40637062			
1590	1562935.17183502			
1591	1564384.21915274			
1592	1565833.54820139			
1593	1567283.15885874			
1594	1568733.05100269			
1595	1570183.22451123			
1596	1571633.67926252			
1597	1573084.41513483			
1598	1574535.43200658			
1599	1575986.72975628			
1600	1577438.3082626			
1601	1578890.16740433			
1602	1580342.30706039			
1603	1581794.72710982			
1604	1583247.4274318			
1605	1584700.40790562			
1606	1586153.66841071			
1607	1587607.20882662			
1608	1589061.02903305			
1609	1590515.12890978			
1610	1591969.50833676			
1611	1593424.16719405			
1612	1594879.10536184			
1613	1596334.32272042			
1614	1597789.81915025			
1615	1599245.59453187			
1616	1600701.64874599			
1617	1602157.98167341			
1618	1603614.59319506			
1619	1605071.48319202			
1620	1606528.65154545			
1621	1607986.09813668			
1622	1609443.82284714			
1623	1610901.82555837			
1624	1612360.10615207			
1625	1613818.66451004			
1626	1615277.50051419			
1627	1616736.61404659			
1628	1618196.0049894			
1629	1619655.67322491			
1630	1621115.61863554			
1631	1622575.84110384			
1632	1624036.34051245			
1633	1625497.11674416			
1634	1626958.16968188			
1635	1628419.49920863			
1636	1629881.10520754			
1637	1631342.9875619			
1638	1632805.14615508			
1639	1634267.58087059			
1640	1635730.29159205			
1641	1637193.27820322			
1642	1638656.54058797			
1643	1640120.07863026			
1644	1641583.89221423			
1645	1643047.98122407			
1646	1644512.34554415			
1647	1645976.98505892			
1648	1647441.89965297			
1649	1648907.08921099			
1650	1650372.5536178			
1651	1651838.29275834			
1652	1653304.30651767			
1653	1654770.59478094			
1654	1656237.15743346			
1655	1657703.99436062			
1656	1659171.10544796			
1657	1660638.4905811			
1658	1662106.14964581			
1659	1663574.08252797			
1660	1665042.28911355			
1661	1666510.76928867			
1662	1667979.52293954			
1663	1669448.54995252			
1664	1670917.85021403			
1665	1672387.42361067			
1666	1673857.2700291			
1667	1675327.38935614			
1668	1676797.78147868			
1669	1678268.44628376			
1670	1679739.38365853			
1671	1681210.59349023			
1672	1682682.07566624			
1673	1684153.83007405			
1674	1685625.85660125			
1675	1687098.15513555			
1676	1688570.72556478			
1677	1690043.56777688			
1678	1691516.6816599			
1679	1692990.067102			
1680	1694463.72399147			
1681	1695937.65221668			
1682	1697411.85166614			
1683	1698886.32222847			
1684	1700361.06379239			
1685	1701836.07624674			
1686	1703311.35948046			
1687	1704786.91338262			
1688	1706262.73784239			
1689	1707738.83274905			
1690	1709215.19799199			
1691	1710691.83346072			
1692	1712168.73904486			
1693	1713645.91463412			
1694	1715123.36011834			
1695	1716601.07538747			
1696	1718079.06033156			
1697	1719557.31484077			
1698	1721035.83880539			
1699	1722514.63211578			
1700	1723993.69466245			
1701	1725473.02633599			
1702	1726952.62702712			
1703	1728432.49662665			
1704	1729912.63502552			
1705	1731393.04211474			
1706	1732873.71778547			
1707	1734354.66192896			
1708	1735835.87443657			
1709	1737317.35519976			
1710	1738799.1041101			
1711	1740281.12105929			
1712	1741763.40593909			
1713	1743245.95864142			
1714	1744728.77905827			
1715	1746211.86708174			
1716	1747695.22260406			
1717	1749178.84551754			
1718	1750662.73571461			
1719	1752146.8930878			
1720	1753631.31752976			
1721	1755116.00893321			
1722	1756600.96719102			
1723	1758086.19219614			
1724	1759571.68384162			
1725	1761057.44202063			
1726	1762543.46662644			
1727	1764029.75755242			
1728	1765516.31469205			
1729	1767003.13793892			
1730	1768490.2271867			
1731	1769977.58232919			
1732	1771465.20326029			
1733	1772953.08987398			
1734	1774441.24206437			
1735	1775929.65972567			
1736	1777418.34275218			
1737	1778907.29103831			
1738	1780396.50447857			
1739	1781885.98296759			
1740	1783375.72640007			
1741	1784865.73467084			
1742	1786356.00767482			
1743	1787846.54530704			
1744	1789337.34746261			
1745	1790828.41403678			
1746	1792319.74492486			
1747	1793811.34002229			
1748	1795303.19922461			
1749	1796795.32242744			
1750	1798287.70952651			
1751	1799780.36041767			
1752	1801273.27499685			
1753	1802766.45316008			
1754	1804259.89480351			
1755	1805753.59982336			
1756	1807247.56811597			
1757	1808741.79957777			
1758	1810236.29410532			
1759	1811731.05159523			
1760	1813226.07194424			
1761	1814721.35504919			
1762	1816216.90080702			
1763	1817712.70911474			
1764	1819208.77986949			
1765	1820705.11296851			
1766	1822201.70830911			
1767	1823698.56578873			
1768	1825195.68530488			
1769	1826693.06675519			
1770	1828190.71003739			
1771	1829688.61504928			
1772	1831186.78168878			
1773	1832685.2098539			
1774	1834183.89944276			
1775	1835682.85035356			
1776	1837182.06248461			
1777	1838681.5357343			
1778	1840181.27000113			
1779	1841681.2651837			
1780	1843181.5211807			
1781	1844682.0378909			
1782	1846182.81521321			
1783	1847683.85304658			
1784	1849185.15129011			
1785	1850686.70984295			
1786	1852188.52860438			
1787	1853690.60747374			
1788	1855192.94635051			
1789	1856695.54513424			
1790	1858198.40372455			
1791	1859701.52202121			
1792	1861204.89992404			
1793	1862708.53733297			
1794	1864212.43414803			
1795	1865716.59026934			
1796	1867221.0055971			
1797	1868725.68003163			
1798	1870230.61347333			
1799	1871735.80582269			
1800	1873241.25698029			
1801	1874746.96684682			
1802	1876252.93532306			
1803	1877759.16230986			
1804	1879265.6477082			
1805	1880772.39141912			
1806	1882279.39334377			
1807	1883786.65338339			
1808	1885294.1714393			
1809	1886801.94741294			
1810	1888309.98120581			
1811	1889818.27271953			
1812	1891326.82185579			
1813	1892835.62851639			
1814	1894344.6926032			
1815	1895854.0140182			
1816	1897363.59266346			
1817	1898873.42844112			
1818	1900383.52125345			
1819	1901893.87100277			
1820	1903404.47759153			
1821	1904915.34092222			
1822	1906426.46089747			
1823	1907937.83741998			
1824	1909449.47039254			
1825	1910961.35971803			
1826	1912473.50529941			
1827	1913985.90703976			
1828	1915498.56484222			
1829	1917011.47861002			

